#time fluence Helium_content Vacancy_content Interstitial_content Helium_bulk Vacancy_bulk Interstitial_bulk Helium_surface Vacancy_surface Interstitial_surface Helium_burst Deuterium_burst Tritium_burst
0 0 0 0 0 0 0 0 0 0 0 0 0 0
1e-10 1e-07 9.37218e-08 0 0 0 0 0 0 0 0 0 0 0
2.1e-10 2.1e-07 1.89213e-07 0 0 0 0 0 1.16687e-08 0 0 0 0 0
3.31e-10 3.31e-07 2.88787e-07 0 0 0 0 0 3.04057e-08 0 0 0 0 0
4.641e-10 4.641e-07 3.93304e-07 0 0 0 0 0 5.64368e-08 0 0 0 0 0
6.1051e-10 6.1051e-07 5.03431e-07 0 0 0 0 0 9.01585e-08 0 0 0 0 0
7.71561e-10 7.71561e-07 6.1974e-07 0 0 0 0 0 1.32269e-07 0 0 0 0 0
9.48717e-10 9.48717e-07 7.42765e-07 0 0 0 0 0 1.83654e-07 0 0 0 0 0
1.14359e-09 1.14359e-06 8.73024e-07 0 0 0 0 0 2.45366e-07 0 0 0 0 0
1.35795e-09 1.35795e-06 1.01104e-06 0 0 0 0 0 3.18627e-07 0 0 0 0 0
1.59374e-09 1.59374e-06 1.15733e-06 0 0 0 0 0 4.0483e-07 0 0 0 0 0
1.85312e-09 1.85312e-06 1.31243e-06 0 0 0 0 0 5.05551e-07 0 0 0 0 0
2.13843e-09 2.13843e-06 1.47691e-06 0 0 0 0 0 6.22567e-07 0 0 0 0 0
2.45227e-09 2.45227e-06 1.65131e-06 0 0 0 0 0 7.57871e-07 0 0 0 0 0
2.7975e-09 2.7975e-06 1.83625e-06 0 0 0 0 0 9.13693e-07 0 0 0 0 0
3.17725e-09 3.17725e-06 2.03231e-06 0 0 0 0 0 1.09253e-06 0 0 0 0 0
3.59497e-09 3.59497e-06 2.24014e-06 0 0 0 0 0 1.29716e-06 0 0 0 0 0
4.05447e-09 4.05447e-06 2.46038e-06 0 0 0 0 0 1.53069e-06 0 0 0 0 0
4.55992e-09 4.55992e-06 2.69372e-06 0 0 0 0 0 1.79658e-06 0 0 0 0 0
5.11591e-09 5.11591e-06 2.94085e-06 0 0 0 0 0 2.09867e-06 0 0 0 0 0
5.7275e-09 5.7275e-06 3.20251e-06 0 0 0 0 0 2.44124e-06 0 0 0 0 0
6.40025e-09 6.40025e-06 3.47945e-06 0 0 0 0 0 2.82903e-06 0 0 0 0 0
7.14027e-09 7.14027e-06 3.77245e-06 0 0 0 0 0 3.26732e-06 0 0 0 0 0
7.9543e-09 7.9543e-06 4.08234e-06 0 0 0 0 0 3.76195e-06 0 0 0 0 0
8.84973e-09 8.84973e-06 4.40995e-06 0 0 0 0 0 4.31942e-06 0 0 0 0 0
9.83471e-09 9.83471e-06 4.75617e-06 0 0 0 0 0 4.94692e-06 0 0 0 0 0
1.09182e-08 1.09182e-05 5.1219e-06 0 0 0 0 0 5.65239e-06 0 0 0 0 0
1.211e-08 1.211e-05 5.50809e-06 0 0 0 0 0 6.44466e-06 0 0 0 0 0
1.3421e-08 1.3421e-05 5.91574e-06 0 0 0 0 0 7.33348e-06 0 0 0 0 0
1.48631e-08 1.48631e-05 6.34587e-06 0 0 0 0 0 8.32964e-06 0 0 0 0 0
1.64494e-08 1.64494e-05 6.79956e-06 0 0 0 0 0 9.44506e-06 0 0 0 0 0
1.81943e-08 1.81943e-05 7.27792e-06 0 0 0 0 0 1.06929e-05 0 0 0 0 0
2.01138e-08 2.01138e-05 7.78211e-06 0 0 0 0 0 1.20878e-05 0 0 0 0 0
2.22252e-08 2.22252e-05 8.31337e-06 0 0 0 0 0 1.36458e-05 0 0 0 0 0
2.45477e-08 2.45477e-05 8.87295e-06 0 0 0 0 0 1.53847e-05 0 0 0 0 0
2.71024e-08 2.71024e-05 9.46219e-06 0 0 0 0 0 1.7324e-05 0 0 0 0 0
2.99127e-08 2.99127e-05 1.00825e-05 0 0 0 0 0 1.94855e-05 0 0 0 0 0
3.30039e-08 3.30039e-05 1.07353e-05 0 0 0 0 0 2.18931e-05 0 0 0 0 0
3.64043e-08 3.64043e-05 1.14221e-05 0 0 0 0 0 2.4573e-05 0 0 0 0 0
4.01448e-08 4.01448e-05 1.21446e-05 0 0 0 0 0 2.75544e-05 0 0 0 0 0
4.42593e-08 4.42593e-05 1.29044e-05 0 0 0 0 0 3.08693e-05 0 0 0 0 0
4.87852e-08 4.87852e-05 1.37033e-05 0 0 0 0 0 3.45531e-05 0 0 0 0 0
5.37637e-08 5.37637e-05 1.45431e-05 0 0 0 0 0 3.86448e-05 0 0 0 0 0
5.92401e-08 5.92401e-05 1.54257e-05 0 0 0 0 0 4.31874e-05 0 0 0 0 0
6.52641e-08 6.52641e-05 1.63532e-05 0 0 0 0 0 4.82282e-05 0 0 0 0 0
7.18905e-08 7.18905e-05 1.73277e-05 0 0 0 0 0 5.38196e-05 0 0 0 0 0
7.91795e-08 7.91795e-05 1.83514e-05 0 0 0 0 0 6.0019e-05 0 0 0 0 0
8.71975e-08 8.71975e-05 1.94267e-05 0 0 0 0 0 6.689e-05 0 0 0 0 0
9.60172e-08 9.60172e-05 2.0556e-05 0 0 0 0 0 7.45023e-05 0 0 0 0 0
1.05719e-07 0.000105719 2.17419e-05 0 0 0 0 0 8.29331e-05 0 0 0 0 0
1.16391e-07 0.000116391 2.29871e-05 0 0 0 0 0 9.22671e-05 0 0 0 0 0
1.2813e-07 0.00012813 2.42945e-05 0 0 0 0 0 0.000102598 0 0 0 0 0
1.41043e-07 0.000141043 2.56669e-05 0 0 0 0 0 0.000114028 0 0 0 0 0
1.55247e-07 0.000155247 2.71076e-05 0 0 0 0 0 0.000126672 0 0 0 0 0
1.70872e-07 0.000170872 2.86178e-05 0 0 0 0 0 0.000140654 0 0 0 0 0
1.88059e-07 0.000188059 3.02035e-05 0 0 0 0 0 0.000156113 0 0 0 0 0
2.06965e-07 0.000206965 3.18682e-05 0 0 0 0 0 0.000173199 0 0 0 0 0
2.27762e-07 0.000227762 3.36154e-05 0 0 0 0 0 0.000192079 0 0 0 0 0
2.50638e-07 0.000250638 3.54491e-05 0 0 0 0 0 0.000212936 0 0 0 0 0
2.75801e-07 0.000275801 3.73733e-05 0 0 0 0 0 0.000235973 0 0 0 0 0
3.03482e-07 0.000303482 3.93925e-05 0 0 0 0 0 0.000261413 0 0 0 0 0
3.3393e-07 0.00033393 4.15111e-05 0 0 0 0 0 0.000289502 0 0 0 0 0
3.67423e-07 0.000367423 4.37304e-05 0 0 0 0 0 0.000320508 0 0 0 0 0
4.04265e-07 0.000404265 4.60603e-05 0 0 0 0 0 0.000354733 0 0 0 0 0
4.44792e-07 0.000444792 4.85056e-05 0 0 0 0 0 0.0003925 0 0 0 0 0
4.89371e-07 0.000489371 5.10714e-05 0 0 0 0 0 0.000434169 0 0 0 0 0
5.38408e-07 0.000538408 5.37633e-05 0 0 0 0 0 0.000480138 0 0 0 0 0
5.92349e-07 0.000592349 5.65826e-05 0 0 0 0 0 0.000530842 0 0 0 0 0
6.51683e-07 0.000651683 5.95424e-05 0 0 0 0 0 0.000586768 0 0 0 0 0
7.16952e-07 0.000716952 6.26484e-05 0 0 0 0 0 0.000648437 0 0 0 0 0
7.88747e-07 0.000788747 6.59071e-05 0 0 0 0 0 0.000716434 0 0 0 0 0
8.67722e-07 0.000867722 6.93195e-05 0 0 0 0 0 0.000791399 0 0 0 0 0
9.54594e-07 0.000954594 7.2902e-05 0 0 0 0 0 0.000874043 0 0 0 0 0
1.05015e-06 0.00105015 7.66615e-05 0 0 0 0 0 0.000965134 0 0 0 0 0
1.15527e-06 0.00115527 8.05979e-05 0 0 0 0 0 0.00106553 0 0 0 0 0
1.2709e-06 0.0012709 8.47214e-05 0 0 0 0 0 0.00117617 0 0 0 0 0
1.39808e-06 0.00139808 8.90531e-05 0 0 0 0 0 0.0012981 0 0 0 0 0
1.53799e-06 0.00153799 9.35997e-05 0 0 0 0 0 0.00143244 0 0 0 0 0
1.69189e-06 0.00169189 9.83601e-05 0 0 0 0 0 0.00158045 0 0 0 0 0
1.86118e-06 0.00186118 0.000103353 0 0 0 0 0 0.00174352 0 0 0 0 0
2.0474e-06 0.0020474 0.000108591 0 0 0 0 0 0.00192316 0 0 0 0 0
2.25224e-06 0.00225224 0.000114078 0 0 0 0 0 0.00212103 0 0 0 0 0
2.47756e-06 0.00247756 0.000119841 0 0 0 0 0 0.00233897 0 0 0 0 0
2.72542e-06 0.00272542 0.000125875 0 0 0 0 0 0.002579 0 0 0 0 0
2.99806e-06 0.00299806 0.000132197 0 0 0 0 0 0.00284336 0 0 0 0 0
3.29797e-06 0.00329797 0.00013884 0 0 0 0 0 0.00313449 0 0 0 0 0
3.62787e-06 0.00362787 0.000145782 0 0 0 0 0 0.00345507 0 0 0 0 0
3.99075e-06 0.00399075 0.000153083 0 0 0 0 0 0.00380809 0 0 0 0 0
4.38993e-06 0.00438993 0.000160731 0 0 0 0 0 0.00419678 0 0 0 0 0
4.82902e-06 0.00482902 0.000168742 0 0 0 0 0 0.00462474 0 0 0 0 0
5.31202e-06 0.00531202 0.000177141 0 0 0 0 0 0.00509593 0 0 0 0 0
5.84332e-06 0.00584332 0.00018595 0 0 0 0 0 0.00561467 0 0 0 0 0
6.42776e-06 0.00642776 0.000195182 0 0 0 0 0 0.00618575 0 0 0 0 0
7.07063e-06 0.00707063 0.000204861 0 0 0 0 0 0.00681443 0 0 0 0 0
7.7778e-06 0.0077778 0.000215006 0 0 0 0 0 0.00750648 0 0 0 0 0
8.55568e-06 0.00855568 0.000225642 0 0 0 0 0 0.00826827 0 0 0 0 0
9.41134e-06 0.00941134 0.000236787 0 0 0 0 0 0.0091068 0 0 0 0 0
1.03526e-05 0.0103526 0.000248471 0 0 0 0 0 0.0100298 0 0 0 0 0
1.13879e-05 0.0113879 0.000260715 0 0 0 0 0 0.0110456 0 0 0 0 0
1.25268e-05 0.0125268 0.00027353 0 0 0 0 0 0.0121638 0 0 0 0 0
1.37796e-05 0.0137796 0.000286993 0 0 0 0 0 0.0133944 0 0 0 0 0
1.51577e-05 0.0151577 0.000301085 0 0 0 0 0 0.0147488 0 0 0 0 0
1.66735e-05 0.0166735 0.000315825 0 0 0 0 0 0.0162394 0 0 0 0 0
1.8341e-05 0.018341 0.000331285 0 0 0 0 0 0.0178798 0 0 0 0 0
2.01752e-05 0.0201752 0.00034749 0 0 0 0 0 0.0196851 0 0 0 0 0
2.21928e-05 0.0221928 0.00036447 0 0 0 0 0 0.0216718 0 0 0 0 0
2.44122e-05 0.0244122 0.000382261 0 0 0 0 0 0.023858 0 0 0 0 0
2.68535e-05 0.0268535 0.000400901 0 0 0 0 0 0.0262638 0 0 0 0 0
2.9539e-05 0.029539 0.000420428 0 0 0 0 0 0.0289112 0 0 0 0 0
3.2493e-05 0.032493 0.000440885 0 0 0 0 0 0.0318243 0 0 0 0 0
3.57424e-05 0.0357424 0.000462312 0 0 0 0 0 0.0350299 0 0 0 0 0
3.93167e-05 0.0393167 0.000484756 0 0 0 0 0 0.0385572 0 0 0 0 0
4.32485e-05 0.0432485 0.000508262 0 0 0 0 0 0.0424384 0 0 0 0 0
4.75734e-05 0.0475734 0.00053288 0 0 0 0 0 0.0467089 0 0 0 0 0
5.23309e-05 0.0523309 0.00055866 0 0 0 0 0 0.0514079 0 0 0 0 0
5.7564e-05 0.057564 0.000585654 0 0 0 0 0 0.0565781 0 0 0 0 0
6.33205e-05 0.0633205 0.000613919 0 0 0 0 0 0.0622668 0 0 0 0 0
6.96527e-05 0.0696527 0.00064351 0 0 0 0 0 0.0685259 0 0 0 0 0
7.66181e-05 0.0766181 0.000674489 0 0 0 0 0 0.0754126 0 0 0 0 0
8.428e-05 0.08428 0.000706916 0 0 0 0 0 0.0829895 0 0 0 0 0
9.27081e-05 0.0927081 0.000740857 0 0 0 0 0 0.0913259 0 0 0 0 0
0.000101979 0.101979 0.000776378 0 0 0 0 0 0.100498 0 0 0 0 0
0.000112177 0.112177 0.00081355 0 0 0 0 0 0.110589 0 0 0 0 0
0.000123395 0.123395 0.000852445 0 0 0 0 0 0.121691 0 0 0 0 0
0.000135734 0.135734 0.000893138 0 0 0 0 0 0.133905 0 0 0 0 0
0.000149308 0.149308 0.000935708 0 0 0 0 0 0.147344 0 0 0 0 0
0.000164239 0.164239 0.000980236 0 0 0 0 0 0.162128 0 0 0 0 0
0.000180663 0.180663 0.00102681 0 0 0 0 0 0.178393 0 0 0 0 0
0.000198729 0.198729 0.0010755 0 0 0 0 0 0.196287 0 0 0 0 0
0.000218602 0.218602 0.00112651 0 0 0 0 0 0.215974 0 0 0 0 0
0.000240462 0.240462 0.00117978 0 0 0 0 0 0.237632 0 0 0 0 0
0.000264509 0.264509 0.00123545 0 0 0 0 0 0.26146 0 0 0 0 0
0.00029096 0.29096 0.00129364 0 0 0 0 0 0.287673 0 0 0 0 0
0.000320056 0.320056 0.00135443 0 0 0 0 0 0.316511 0 0 0 0 0
0.000352062 0.352062 0.00141795 0 0 0 0 0 0.348236 0 0 0 0 0
0.000387268 0.387268 0.00148429 0 0 0 0 0 0.383137 0 0 0 0 0
0.000425995 0.425995 0.00155357 0 0 0 0 0 0.421532 0 0 0 0 0
0.000468594 0.468594 0.00162591 0 0 0 0 0 0.463771 0 0 0 0 0
0.000515454 0.515454 0.00170143 0 0 0 0 0 0.510237 0 0 0 0 0
0.000566999 0.566999 0.00178025 0 0 0 0 0 0.561354 0 0 0 0 0
0.000623699 0.623699 0.0018625 0 0 0 0 0 0.617588 0 0 0 0 0
0.000686069 0.686069 0.00194831 0 0 0 0 0 0.67945 0 0 0 0 0
0.000754676 0.754676 0.0020378 0 0 0 0 0 0.747503 0 0 0 0 0
0.000830144 0.830144 0.00213112 0 0 0 0 0 0.822366 0 0 0 0 0
0.000913159 0.913159 0.0022284 0 0 0 0 0 0.904721 0 0 0 0 0
0.00100447 1.00447 0.00232978 0 0 0 0 0 0.995318 0 0 0 0 0
0.00110492 1.10492 0.00243541 0 0 0 0 0 1.09498 0 0 0 0 0
0.00121541 1.21541 0.00254543 0 0 0 0 0 1.20461 0 0 0 0 0
0.00133696 1.33696 0.00265998 0 0 0 0 0 1.32522 0 0 0 0 0
0.00147065 1.47065 0.00277922 0 0 0 0 0 1.45789 0 0 0 0 0
0.00161772 1.61772 0.00290329 0 0 0 0 0 1.60384 0 0 0 0 0
0.00177949 1.77949 0.00303235 0 0 0 0 0 1.76439 0 0 0 0 0
0.00195744 1.95744 0.00316655 0 0 0 0 0 1.941 0 0 0 0 0
0.00215318 2.15318 0.00330604 0 0 0 0 0 2.13528 0 0 0 0 0
0.0023685 2.3685 0.00345098 0 0 0 0 0 2.349 0 0 0 0 0
0.00260535 2.60535 0.0036015 0 0 0 0 0 2.58409 0 0 0 0 0
0.00286588 2.86588 0.00375778 0 0 0 0 0 2.84271 0 0 0 0 0
0.00315247 3.15247 0.00391994 0 0 0 0 0 3.1272 0 0 0 0 0
0.00346772 3.46772 0.00408815 0 0 0 0 0 3.44015 0 0 0 0 0
0.00381449 3.81449 0.00426254 0 0 0 0 0 3.7844 0 0 0 0 0
0.00419594 4.19594 0.00444326 0 0 0 0 0 4.1631 0 0 0 0 0
0.00461554 4.61554 0.00463044 0 0 0 0 0 4.57967 0 0 0 0 0
0.00507709 5.07709 0.00482421 0 0 0 0 0 5.03791 0 0 0 0 0
0.0055848 5.5848 0.00502471 0 0 0 0 0 5.54199 0 0 0 0 0
0.00614328 6.14328 0.00523204 0 0 0 0 0 6.09649 0 0 0 0 0
0.00675761 6.75761 0.00544634 0 0 0 0 0 6.70645 0 0 0 0 0
0.00743337 7.43337 0.00566769 0 0 0 0 0 7.37743 0 0 0 0 0
0.00817671 8.17671 0.00589621 0 0 0 0 0 8.11552 0 0 0 0 0
0.00899438 8.99438 0.00613197 0 0 0 0 0 8.92743 0 0 0 0 0
0.00989381 9.89381 0.00637507 0 0 0 0 0 9.82055 0 0 0 0 0
0.0108832 10.8832 0.00662556 0 0 0 0 0 10.803 0 0 0 0 0
0.0118832 11.8832 0.0068632 0 0 0 0 0 11.796 0 0 0 0 0
0.0128832 12.8832 0.00708726 0 0 0 0 0 12.789 0 0 0 0 0
0.0138832 13.8832 0.00729938 0 0 0 0 0 13.7821 0 0 0 0 0
0.0148832 14.8832 0.00750091 0 0 0 0 0 14.7751 0 0 0 0 0
0.0158832 15.8832 0.00769298 0 0 0 0 0 15.7682 0 0 0 0 0
0.0168832 16.8832 0.00787653 0 0 0 0 0 16.7612 0 0 0 0 0
0.0178832 17.8832 0.00805236 0 0 0 0 0 17.7543 0 0 0 0 0
0.0188832 18.8832 0.00822116 0 0 0 0 0 18.7474 0 0 0 0 0
0.0198832 19.8832 0.00838353 0 0 0 0 0 19.7405 0 0 0 0 0
0.0208832 20.8832 0.00853998 0 0 0 0 0 20.7336 0 0 0 0 0
0.0218832 21.8832 0.00869097 0 0 0 0 0 21.7267 0 0 0 0 0
0.0228832 22.8832 0.00883691 0 0 0 0 0 22.7198 0 0 0 0 0
0.0238832 23.8832 0.00897816 0 0 0 0 0 23.7129 0 0 0 0 0
0.0248832 24.8832 0.00911502 0 0 0 0 0 24.706 0 0 0 0 0
0.0258832 25.8832 0.00924779 0 0 0 0 0 25.6991 0 0 0 0 0
0.0268832 26.8832 0.00937673 0 0 0 0 0 26.6923 0 0 0 0 0
0.0278832 27.8832 0.00950207 0 0 0 0 0 27.6854 0 0 0 0 0
0.0288832 28.8832 0.00962403 0 0 0 0 0 28.6785 0 0 0 0 0
0.0298832 29.8832 0.00974278 0 0 0 0 0 29.6717 0 0 0 0 0
0.0308832 30.8832 0.00985852 0 0 0 0 0 30.6648 0 0 0 0 0
0.0318832 31.8832 0.00997141 0 0 0 0 0 31.6579 0 0 0 0 0
0.0328832 32.8832 0.0100816 0 0 0 0 0 32.6511 0 0 0 0 0
0.0338832 33.8832 0.0101892 0 0 0 0 0 33.6442 0 0 0 0 0
0.0348832 34.8832 0.0102943 0 0 0 0 0 34.6374 0 0 0 0 0
0.0358832 35.8832 0.0103972 0 0 0 0 0 35.6305 0 0 0 0 0
0.0368832 36.8832 0.0104978 0 0 0 0 0 36.6237 0 0 0 0 0
0.0378832 37.8832 0.0105963 0 0 0 0 0 37.6168 0 0 0 0 0
0.0388832 38.8832 0.0106927 0 0 0 0 0 38.61 0 0 0 0 0
0.0398832 39.8832 0.0107873 0 0 0 0 0 39.6032 0 0 0 0 0
0.0408832 40.8832 0.0108799 0 0 0 0 0 40.5963 0 0 0 0 0
0.0418832 41.8832 0.0109708 0 0 0 0 0 41.5895 0 0 0 0 0
0.0428832 42.8832 0.01106 0 0 0 0 0 42.5826 0 0 0 0 0
0.0438832 43.8832 0.0111476 0 0 0 0 0 43.5758 0 0 0 0 0
0.0448832 44.8832 0.0112335 0 0 0 0 0 44.569 0 0 0 0 0
0.0458832 45.8832 0.011318 0 0 0 0 0 45.5621 0 0 0 0 0
0.0468832 46.8832 0.0114009 0 0 0 0 0 46.5553 0 0 0 0 0
0.0478832 47.8832 0.0114825 0 0 0 0 0 47.5485 0 0 0 0 0
0.0488832 48.8832 0.0115627 0 0 0 0 0 48.5417 0 0 0 0 0
0.0498832 49.8832 0.0116416 0 0 0 0 0 49.5348 0 0 0 0 0
0.0508832 50.8832 0.0117193 0 0 0 0 0 50.528 0 0 0 0 0
0.0518832 51.8832 0.0117957 0 0 0 0 0 51.5212 0 0 0 0 0
0.0528832 52.8832 0.0118709 0 0 0 0 0 52.5144 0 0 0 0 0
0.0538832 53.8832 0.011945 0 0 0 0 0 53.5075 0 0 0 0 0
0.0548832 54.8832 0.012018 0 0 0 0 0 54.5007 0 0 0 0 0
0.0558832 55.8832 0.0120899 0 0 0 0 0 55.4939 0 0 0 0 0
0.0568832 56.8832 0.0121608 0 0 0 0 0 56.4871 0 0 0 0 0
0.0578832 57.8832 0.0122306 0 0 0 0 0 57.4803 0 0 0 0 0
0.0588832 58.8832 0.0122995 0 0 0 0 0 58.4735 0 0 0 0 0
0.0598832 59.8832 0.0123674 0 0 0 0 0 59.4666 0 0 0 0 0
0.0608832 60.8832 0.0124345 0 0 0 0 0 60.4598 0 0 0 0 0
0.0618832 61.8832 0.0125006 0 0 0 0 0 61.453 0 0 0 0 0
0.0628832 62.8832 0.0125658 0 0 0 0 0 62.4462 0 0 0 0 0
0.0638832 63.8832 0.0126302 0 0 0 0 0 63.4394 0 0 0 0 0
0.0648832 64.8832 0.0126938 0 0 0 0 0 64.4326 0 0 0 0 0
0.0658832 65.8832 0.0127565 0 0 0 0 0 65.4258 0 0 0 0 0
0.0668832 66.8832 0.0128185 0 0 0 0 0 66.419 0 0 0 0 0
0.0678832 67.8832 0.0128797 0 0 0 0 0 67.4122 0 0 0 0 0
0.0688832 68.8832 0.0129402 0 0 0 0 0 68.4054 0 0 0 0 0
0.0698832 69.8832 0.013 0 0 0 0 0 69.3986 0 0 0 0 0
0.0708832 70.8832 0.013059 0 0 0 0 0 70.3918 0 0 0 0 0
0.0718832 71.8832 0.0131174 0 0 0 0 0 71.3849 0 0 0 0 0
0.0728832 72.8832 0.0131751 0 0 0 0 0 72.3781 0 0 0 0 0
0.0738832 73.8832 0.0132321 0 0 0 0 0 73.3713 0 0 0 0 0
0.0748832 74.8832 0.0132885 0 0 0 0 0 74.3645 0 0 0 0 0
0.0758832 75.8832 0.0133443 0 0 0 0 0 75.3577 0 0 0 0 0
0.0768832 76.8832 0.0133994 0 0 0 0 0 76.3509 0 0 0 0 0
0.0778832 77.8832 0.013454 0 0 0 0 0 77.3441 0 0 0 0 0
0.0788832 78.8832 0.013508 0 0 0 0 0 78.3373 0 0 0 0 0
0.0798832 79.8832 0.0135614 0 0 0 0 0 79.3305 0 0 0 0 0
0.0808832 80.8832 0.0136143 0 0 0 0 0 80.3237 0 0 0 0 0
0.0818832 81.8832 0.0136666 0 0 0 0 0 81.3169 0 0 0 0 0
0.0828832 82.8832 0.0137183 0 0 0 0 0 82.3101 0 0 0 0 0
0.0838832 83.8832 0.0137696 0 0 0 0 0 83.3033 0 0 0 0 0
0.0848832 84.8832 0.0138203 0 0 0 0 0 84.2965 0 0 0 0 0
0.0858832 85.8832 0.0138706 0 0 0 0 0 85.2897 0 0 0 0 0
0.0868832 86.8832 0.0139203 0 0 0 0 0 86.283 0 0 0 0 0
0.0878832 87.8832 0.0139696 0 0 0 0 0 87.2762 0 0 0 0 0
0.0888832 88.8832 0.0140184 0 0 0 0 0 88.2694 0 0 0 0 0
0.0898832 89.8832 0.0140667 0 0 0 0 0 89.2626 0 0 0 0 0
0.0908832 90.8832 0.0141146 0 0 0 0 0 90.2558 0 0 0 0 0
0.0918832 91.8832 0.014162 0 0 0 0 0 91.249 0 0 0 0 0
0.0928832 92.8832 0.014209 0 0 0 0 0 92.2422 0 0 0 0 0
0.0938832 93.8832 0.0142556 0 0 0 0 0 93.2354 0 0 0 0 0
0.0948832 94.8832 0.0143017 0 0 0 0 0 94.2286 0 0 0 0 0
0.0958832 95.8832 0.0143475 0 0 0 0 0 95.2218 0 0 0 0 0
0.0968832 96.8832 0.0143928 0 0 0 0 0 96.215 0 0 0 0 0
0.0978832 97.8832 0.0144377 0 0 0 0 0 97.2082 0 0 0 0 0
0.0988832 98.8832 0.0144823 0 0 0 0 0 98.2014 0 0 0 0 0
0.0994416 99.4416 0.014507 0 0 0 0 0 98.756 0 0 0 0 0
0.1 100 0.0145316 0 0 0 0 0 99.3107 0 0 0 0 0
