#time fluence Helium_content Vacancy_content Interstitial_content Helium_bulk Vacancy_bulk Interstitial_bulk Helium_surface Vacancy_surface Interstitial_surface Helium_burst Deuterium_burst Tritium_burst
0 0 1.9 0 0 0 0 0 0 0 0 0 0 0
1e-10 0 1.9 0 0 5.5893e-14 0 0 2.79465e-08 0 0 0 0 0
2.1e-10 0 1.9 0 0 1.17375e-13 0 0 5.49265e-08 0 0 0 0 0
3.31e-10 0 1.9 0 0 1.85006e-13 0 0 8.11388e-08 0 0 0 0 0
4.641e-10 0 1.9 0 0 2.59399e-13 0 0 1.06789e-07 0 0 0 0 0
6.1051e-10 0 1.9 0 0 3.41232e-13 0 0 1.32079e-07 0 0 0 0 0
7.71561e-10 0 1.9 0 0 4.31249e-13 0 0 1.572e-07 0 0 0 0 0
9.48717e-10 0 1.9 0 0 5.30267e-13 0 0 1.82329e-07 0 0 0 0 0
1.14359e-09 0 1.9 0 0 6.39186e-13 0 0 2.07625e-07 0 0 0 0 0
1.35795e-09 0 1.9 0 0 7.58998e-13 0 0 2.33229e-07 0 0 0 0 0
1.59374e-09 0 1.9 0 0 8.90791e-13 0 0 2.59271e-07 0 0 0 0 0
1.85312e-09 0 1.9 0 0 1.03576e-12 0 0 2.85863e-07 0 0 0 0 0
2.13843e-09 0 1.9 0 0 1.19523e-12 0 0 3.13113e-07 0 0 0 0 0
2.45227e-09 0 1.9 0 0 1.37065e-12 0 0 3.41116e-07 0 0 0 0 0
2.7975e-09 0 1.9 0 0 1.56361e-12 0 0 3.69966e-07 0 0 0 0 0
3.17725e-09 0 1.9 0 0 1.77586e-12 0 0 3.99751e-07 0 0 0 0 0
3.59497e-09 0 1.9 0 0 2.00934e-12 0 0 4.30557e-07 0 0 0 0 0
4.05447e-09 0 1.9 0 0 2.26616e-12 0 0 4.62469e-07 0 0 0 0 0
4.55992e-09 0 1.9 0 0 2.54867e-12 0 0 4.95573e-07 0 0 0 0 0
5.11591e-09 0 1.9 0 0 2.85943e-12 0 0 5.29954e-07 0 0 0 0 0
5.7275e-09 0 1.9 0 0 3.20127e-12 0 0 5.65699e-07 0 0 0 0 0
6.40025e-09 0 1.9 0 0 3.57729e-12 0 0 6.02896e-07 0 0 0 0 0
7.14027e-09 0 1.9 0 0 3.99091e-12 0 0 6.41635e-07 0 0 0 0 0
7.9543e-09 0 1.9 0 0 4.4459e-12 0 0 6.8201e-07 0 0 0 0 0
8.84973e-09 0 1.9 0 0 4.94638e-12 0 0 7.24116e-07 0 0 0 0 0
9.83471e-09 0 1.9 0 0 5.49691e-12 0 0 7.68052e-07 0 0 0 0 0
1.09182e-08 0 1.9 0 0 6.10249e-12 0 0 8.13922e-07 0 0 0 0 0
1.211e-08 0 1.9 0 0 6.76863e-12 0 0 8.61832e-07 0 0 0 0 0
1.3421e-08 0 1.9 0 0 7.50139e-12 0 0 9.11893e-07 0 0 0 0 0
1.48631e-08 0 1.9 0 0 8.30742e-12 0 0 9.64221e-07 0 0 0 0 0
1.64494e-08 0 1.9 0 0 9.19405e-12 0 0 1.01894e-06 0 0 0 0 0
1.81943e-08 0 1.9 0 0 1.01693e-11 0 0 1.07616e-06 0 0 0 0 0
2.01138e-08 0 1.9 0 0 1.12422e-11 0 0 1.13603e-06 0 0 0 0 0
2.22252e-08 0 1.9 0 0 1.24223e-11 0 0 1.19869e-06 0 0 0 0 0
2.45477e-08 0 1.9 0 0 1.37204e-11 0 0 1.26426e-06 0 0 0 0 0
2.71024e-08 0 1.9 0 0 1.51483e-11 0 0 1.33291e-06 0 0 0 0 0
2.99127e-08 0 1.9 0 0 1.6719e-11 0 0 1.40479e-06 0 0 0 0 0
3.30039e-08 0 1.9 0 0 1.84468e-11 0 0 1.48007e-06 0 0 0 0 0
3.64043e-08 0 1.9 0 0 2.03474e-11 0 0 1.55891e-06 0 0 0 0 0
4.01448e-08 0 1.9 0 0 2.2438e-11 0 0 1.64149e-06 0 0 0 0 0
4.42593e-08 0 1.9 0 0 2.47377e-11 0 0 1.72801e-06 0 0 0 0 0
4.87852e-08 0 1.9 0 0 2.72674e-11 0 0 1.81865e-06 0 0 0 0 0
5.37637e-08 0 1.9 0 0 3.005e-11 0 0 1.91364e-06 0 0 0 0 0
5.92401e-08 0 1.9 0 0 3.31109e-11 0 0 2.01317e-06 0 0 0 0 0
6.52641e-08 0 1.9 0 0 3.64778e-11 0 0 2.11749e-06 0 0 0 0 0
7.18905e-08 0 1.9 0 0 4.01815e-11 0 0 2.22682e-06 0 0 0 0 0
7.91795e-08 0 1.9 0 0 4.42555e-11 0 0 2.34141e-06 0 0 0 0 0
8.71975e-08 0 1.9 0 0 4.87369e-11 0 0 2.46154e-06 0 0 0 0 0
9.60172e-08 0 1.9 0 0 5.36664e-11 0 0 2.58746e-06 0 0 0 0 0
1.05719e-07 0 1.9 0 0 5.90889e-11 0 0 2.71948e-06 0 0 0 0 0
1.16391e-07 0 1.9 0 0 6.50536e-11 0 0 2.85788e-06 0 0 0 0 0
1.2813e-07 0 1.9 0 0 7.16148e-11 0 0 3.00299e-06 0 0 0 0 0
1.41043e-07 0 1.9 0 0 7.8832e-11 0 0 3.15513e-06 0 0 0 0 0
1.55247e-07 0 1.9 0 0 8.6771e-11 0 0 3.31465e-06 0 0 0 0 0
1.70872e-07 0 1.9 0 0 9.55038e-11 0 0 3.48192e-06 0 0 0 0 0
1.88059e-07 0 1.9 0 0 1.0511e-10 0 0 3.6573e-06 0 0 0 0 0
2.06965e-07 0 1.9 0 0 1.15677e-10 0 0 3.84121e-06 0 0 0 0 0
2.27762e-07 0 1.9 0 0 1.273e-10 0 0 4.03405e-06 0 0 0 0 0
2.50638e-07 0 1.9 0 0 1.40085e-10 0 0 4.23627e-06 0 0 0 0 0
2.75801e-07 0 1.9 0 0 1.54149e-10 0 0 4.44831e-06 0 0 0 0 0
3.03482e-07 0 1.9 0 0 1.6962e-10 0 0 4.67067e-06 0 0 0 0 0
3.3393e-07 0 1.9 0 0 1.86637e-10 0 0 4.90384e-06 0 0 0 0 0
3.67423e-07 0 1.9 0 0 2.05356e-10 0 0 5.14836e-06 0 0 0 0 0
4.04265e-07 0 1.9 0 0 2.25947e-10 0 0 5.40479e-06 0 0 0 0 0
4.44792e-07 0 1.9 0 0 2.48596e-10 0 0 5.67369e-06 0 0 0 0 0
4.89371e-07 0 1.9 0 0 2.7351e-10 0 0 5.9557e-06 0 0 0 0 0
5.38408e-07 0 1.89999 0 0 3.00916e-10 0 0 6.25144e-06 0 0 0 0 0
5.92349e-07 0 1.89999 0 0 3.31062e-10 0 0 6.5616e-06 0 0 0 0 0
6.51683e-07 0 1.89999 0 0 3.64221e-10 0 0 6.88687e-06 0 0 0 0 0
7.16952e-07 0 1.89999 0 0 4.00697e-10 0 0 7.22801e-06 0 0 0 0 0
7.88747e-07 0 1.89999 0 0 4.40819e-10 0 0 7.58578e-06 0 0 0 0 0
8.67722e-07 0 1.89999 0 0 4.84953e-10 0 0 7.96101e-06 0 0 0 0 0
9.54594e-07 0 1.89999 0 0 5.335e-10 0 0 8.35454e-06 0 0 0 0 0
1.05015e-06 0 1.89999 0 0 5.869e-10 0 0 8.76728e-06 0 0 0 0 0
1.15527e-06 0 1.89999 0 0 6.45639e-10 0 0 9.20015e-06 0 0 0 0 0
1.2709e-06 0 1.89999 0 0 7.1025e-10 0 0 9.65414e-06 0 0 0 0 0
1.39808e-06 0 1.89999 0 0 7.81321e-10 0 0 1.01303e-05 0 0 0 0 0
1.53799e-06 0 1.89999 0 0 8.59497e-10 0 0 1.06296e-05 0 0 0 0 0
1.69189e-06 0 1.89999 0 0 9.45487e-10 0 0 1.11533e-05 0 0 0 0 0
1.86118e-06 0 1.89999 0 0 1.04007e-09 0 0 1.17026e-05 0 0 0 0 0
2.0474e-06 0 1.89999 0 0 1.14412e-09 0 0 1.22786e-05 0 0 0 0 0
2.25224e-06 0 1.89999 0 0 1.25856e-09 0 0 1.28827e-05 0 0 0 0 0
2.47756e-06 0 1.89999 0 0 1.38444e-09 0 0 1.35161e-05 0 0 0 0 0
2.72542e-06 0 1.89999 0 0 1.5229e-09 0 0 1.41805e-05 0 0 0 0 0
2.99806e-06 0 1.89999 0 0 1.6752e-09 0 0 1.48771e-05 0 0 0 0 0
3.29797e-06 0 1.89999 0 0 1.84272e-09 0 0 1.56077e-05 0 0 0 0 0
3.62787e-06 0 1.89999 0 0 2.02698e-09 0 0 1.63739e-05 0 0 0 0 0
3.99075e-06 0 1.89998 0 0 2.22965e-09 0 0 1.71773e-05 0 0 0 0 0
4.38993e-06 0 1.89998 0 0 2.45257e-09 0 0 1.80199e-05 0 0 0 0 0
4.82902e-06 0 1.89998 0 0 2.69776e-09 0 0 1.89034e-05 0 0 0 0 0
5.31202e-06 0 1.89998 0 0 2.96745e-09 0 0 1.983e-05 0 0 0 0 0
5.84332e-06 0 1.89998 0 0 3.26408e-09 0 0 2.08017e-05 0 0 0 0 0
6.42776e-06 0 1.89998 0 0 3.59033e-09 0 0 2.18206e-05 0 0 0 0 0
7.07063e-06 0 1.89998 0 0 3.94916e-09 0 0 2.28891e-05 0 0 0 0 0
7.7778e-06 0 1.89998 0 0 4.34382e-09 0 0 2.40097e-05 0 0 0 0 0
8.55568e-06 0 1.89998 0 0 4.77788e-09 0 0 2.51848e-05 0 0 0 0 0
9.41134e-06 0 1.89998 0 0 5.25527e-09 0 0 2.6417e-05 0 0 0 0 0
1.03526e-05 0 1.89997 0 0 5.78031e-09 0 0 2.77092e-05 0 0 0 0 0
1.13879e-05 0 1.89997 0 0 6.35773e-09 0 0 2.90643e-05 0 0 0 0 0
1.25268e-05 0 1.89997 0 0 6.99275e-09 0 0 3.04853e-05 0 0 0 0 0
1.37796e-05 0 1.89997 0 0 7.69111e-09 0 0 3.19754e-05 0 0 0 0 0
1.51577e-05 0 1.89997 0 0 8.4591e-09 0 0 3.35379e-05 0 0 0 0 0
1.66735e-05 0 1.89997 0 0 9.30365e-09 0 0 3.51764e-05 0 0 0 0 0
1.8341e-05 0 1.89996 0 0 1.02323e-08 0 0 3.68944e-05 0 0 0 0 0
2.01752e-05 0 1.89996 0 0 1.12536e-08 0 0 3.86959e-05 0 0 0 0 0
2.21928e-05 0 1.89996 0 0 1.23765e-08 0 0 4.05848e-05 0 0 0 0 0
2.44122e-05 0 1.89996 0 0 1.36111e-08 0 0 4.25653e-05 0 0 0 0 0
2.68535e-05 0 1.89996 0 0 1.49686e-08 0 0 4.46419e-05 0 0 0 0 0
2.9539e-05 0 1.89996 0 0 1.64611e-08 0 0 4.68191e-05 0 0 0 0 0
3.2493e-05 0 1.89995 0 0 1.8102e-08 0 0 4.91016e-05 0 0 0 0 0
3.57424e-05 0 1.89995 0 0 1.99057e-08 0 0 5.14947e-05 0 0 0 0 0
3.93167e-05 0 1.89995 0 0 2.18886e-08 0 0 5.40033e-05 0 0 0 0 0
4.32485e-05 0 1.89995 0 0 2.40681e-08 0 0 5.66332e-05 0 0 0 0 0
4.75734e-05 0 1.89994 0 0 2.64635e-08 0 0 5.93899e-05 0 0 0 0 0
5.23309e-05 0 1.89994 0 0 2.90962e-08 0 0 6.22794e-05 0 0 0 0 0
5.7564e-05 0 1.89994 0 0 3.19893e-08 0 0 6.5308e-05 0 0 0 0 0
6.33205e-05 0 1.89993 0 0 3.51684e-08 0 0 6.84821e-05 0 0 0 0 0
6.96527e-05 0 1.89993 0 0 3.86612e-08 0 0 7.18085e-05 0 0 0 0 0
7.66181e-05 0 1.89993 0 0 4.24983e-08 0 0 7.52942e-05 0 0 0 0 0
8.428e-05 0 1.89992 0 0 4.67132e-08 0 0 7.89466e-05 0 0 0 0 0
9.27081e-05 0 1.89992 0 0 5.13424e-08 0 0 8.27732e-05 0 0 0 0 0
0.000101979 0 1.89992 0 0 5.64259e-08 0 0 8.6782e-05 0 0 0 0 0
0.000112177 0 1.89991 0 0 6.20075e-08 0 0 9.09812e-05 0 0 0 0 0
0.000123395 0 1.89991 0 0 6.81348e-08 0 0 9.53793e-05 0 0 0 0 0
0.000135734 0 1.8999 0 0 7.486e-08 0 0 9.99851e-05 0 0 0 0 0
0.000149308 0 1.8999 0 0 8.22399e-08 0 0 0.000104808 0 0 0 0 0
0.000164239 0 1.89989 0 0 9.03365e-08 0 0 0.000109857 0 0 0 0 0
0.000180663 0 1.89989 0 0 9.92173e-08 0 0 0.000115142 0 0 0 0 0
0.000198729 0 1.89988 0 0 1.08956e-07 0 0 0.000120674 0 0 0 0 0
0.000218602 0 1.89988 0 0 1.19632e-07 0 0 0.000126462 0 0 0 0 0
0.000240462 0 1.89987 0 0 1.31332e-07 0 0 0.000132517 0 0 0 0 0
0.000264509 0 1.89987 0 0 1.44152e-07 0 0 0.000138851 0 0 0 0 0
0.00029096 0 1.89986 0 0 1.58192e-07 0 0 0.000145474 0 0 0 0 0
0.000320056 0 1.89985 0 0 1.73564e-07 0 0 0.000152398 0 0 0 0 0
0.000352062 0 1.89985 0 0 1.90387e-07 0 0 0.000159635 0 0 0 0 0
0.000387268 0 1.89984 0 0 2.08792e-07 0 0 0.000167197 0 0 0 0 0
0.000425995 0 1.89983 0 0 2.28918e-07 0 0 0.000175096 0 0 0 0 0
0.000468594 0 1.89982 0 0 2.50917e-07 0 0 0.000183344 0 0 0 0 0
0.000515454 0 1.89981 0 0 2.74952e-07 0 0 0.000191955 0 0 0 0 0
0.000566999 0 1.8998 0 0 3.01197e-07 0 0 0.00020094 0 0 0 0 0
0.000623699 0 1.8998 0 0 3.29844e-07 0 0 0.000210313 0 0 0 0 0
0.000686069 0 1.89979 0 0 3.61093e-07 0 0 0.000220088 0 0 0 0 0
0.000754676 0 1.89978 0 0 3.95165e-07 0 0 0.000230277 0 0 0 0 0
0.000830144 0 1.89977 0 0 4.32294e-07 0 0 0.000240894 0 0 0 0 0
0.000913159 0 1.89976 0 0 4.72732e-07 0 0 0.000251952 0 0 0 0 0
0.00100447 0 1.89974 0 0 5.16751e-07 0 0 0.000263467 0 0 0 0 0
0.00110492 0 1.89973 0 0 5.64642e-07 0 0 0.000275452 0 0 0 0 0
0.00121541 0 1.89972 0 0 6.16717e-07 0 0 0.000287921 0 0 0 0 0
0.00133696 0 1.89971 0 0 6.73314e-07 0 0 0.00030089 0 0 0 0 0
0.00147065 0 1.89969 0 0 7.34795e-07 0 0 0.000314375 0 0 0 0 0
0.00161772 0 1.89968 0 0 8.0155e-07 0 0 0.000328392 0 0 0 0 0
0.00177949 0 1.89967 0 0 8.74003e-07 0 0 0.000342958 0 0 0 0 0
0.00195744 0 1.89965 0 0 9.52607e-07 0 0 0.00035809 0 0 0 0 0
0.00215318 0 1.89964 0 0 1.03786e-06 0 0 0.000373809 0 0 0 0 0
0.0023685 0 1.89962 0 0 1.13029e-06 0 0 0.000390134 0 0 0 0 0
0.00260535 0 1.8996 0 0 1.23049e-06 0 0 0.000407088 0 0 0 0 0
0.00286588 0 1.89959 0 0 1.33909e-06 0 0 0.000424694 0 0 0 0 0
0.00315247 0 1.89957 0 0 1.45677e-06 0 0 0.000442978 0 0 0 0 0
0.00346772 0 1.89955 0 0 1.58431e-06 0 0 0.000461967 0 0 0 0 0
0.00381449 0 1.89953 0 0 1.72252e-06 0 0 0.000481692 0 0 0 0 0
0.00419594 0 1.89951 0 0 1.87231e-06 0 0 0.000502186 0 0 0 0 0
0.00461554 0 1.89949 0 0 2.03469e-06 0 0 0.000523484 0 0 0 0 0
0.00507709 0 1.89947 0 0 2.21074e-06 0 0 0.000545626 0 0 0 0 0
0.0055848 0 1.89945 0 0 2.40167e-06 0 0 0.000568652 0 0 0 0 0
0.00614328 0 1.89942 0 0 2.60881e-06 0 0 0.000592608 0 0 0 0 0
0.00675761 0 1.8994 0 0 2.83362e-06 0 0 0.000617543 0 0 0 0 0
0.00743337 0 1.89937 0 0 3.0777e-06 0 0 0.000643509 0 0 0 0 0
0.00817671 0 1.89935 0 0 3.34284e-06 0 0 0.000670562 0 0 0 0 0
0.00899438 0 1.89932 0 0 3.63099e-06 0 0 0.000698763 0 0 0 0 0
0.00989381 0 1.89929 0 0 3.9443e-06 0 0 0.000728175 0 0 0 0 0
0.0108832 0 1.89926 0 0 4.28516e-06 0 0 0.000758867 0 0 0 0 0
0.0119715 0 1.89923 0 0 4.65618e-06 0 0 0.000790909 0 0 0 0 0
0.0131687 0 1.89919 0 0 5.06025e-06 0 0 0.000824379 0 0 0 0 0
0.0144855 0 1.89916 0 0 5.50056e-06 0 0 0.000859358 0 0 0 0 0
0.0159341 0 1.89912 0 0 5.98061e-06 0 0 0.000895929 0 0 0 0 0
0.0175275 0 1.89909 0 0 6.50427e-06 0 0 0.000934183 0 0 0 0 0
0.0192802 0 1.89905 0 0 7.0758e-06 0 0 0.000974213 0 0 0 0 0
0.0212083 0 1.89901 0 0 7.69988e-06 0 0 0.00101612 0 0 0 0 0
0.0233291 0 1.89896 0 0 8.38169e-06 0 0 0.00106 0 0 0 0 0
0.025662 0 1.89892 0 0 9.12691e-06 0 0 0.00110598 0 0 0 0 0
0.0282282 0 1.89887 0 0 9.94179e-06 0 0 0.00115415 0 0 0 0 0
0.031051 0 1.89882 0 0 1.08332e-05 0 0 0.00120465 0 0 0 0 0
0.0341561 0 1.89877 0 0 1.18088e-05 0 0 0.00125759 0 0 0 0 0
0.0375717 0 1.89871 0 0 1.28769e-05 0 0 0.0013131 0 0 0 0 0
0.0413289 0 1.89865 0 0 1.40467e-05 0 0 0.00137132 0 0 0 0 0
0.0454618 0 1.89859 0 0 1.53283e-05 0 0 0.0014324 0 0 0 0 0
0.050008 0 1.89853 0 0 1.67329e-05 0 0 0.00149648 0 0 0 0 0
0.0550088 0 1.89846 0 0 1.82765e-05 0 0 0.00156389 0 0 0 0 0
0.0605097 0 1.89839 0 0 1.99692e-05 0 0 0.00163461 0 0 0 0 0
0.0665606 0 1.89832 0 0 2.18258e-05 0 0 0.00170882 0 0 0 0 0
0.0732167 0 1.89824 0 0 2.38626e-05 0 0 0.00178669 0 0 0 0 0
0.0805384 0 1.89815 0 0 2.60976e-05 0 0 0.00186842 0 0 0 0 0
0.0885922 0 1.89807 0 0 2.85506e-05 0 0 0.00195419 0 0 0 0 0
0.0974514 0 1.89798 0 0 3.12434e-05 0 0 0.0020442 0 0 0 0 0
0.107197 0 1.89788 0 0 3.41999e-05 0 0 0.00213867 0 0 0 0 0
0.117916 0 1.89778 0 0 3.74557e-05 0 0 0.0022381 0 0 0 0 0
0.129708 0 1.89768 0 0 4.10314e-05 0 0 0.00234244 0 0 0 0 0
0.142679 0 1.89757 0 0 4.4959e-05 0 0 0.00245195 0 0 0 0 0
0.156947 0 1.89745 0 0 4.92736e-05 0 0 0.00256686 0 0 0 0 0
0.172641 0 1.89733 0 0 5.40263e-05 0 0 0.00268777 0 0 0 0 0
0.189905 0 1.8972 0 0 5.92483e-05 0 0 0.00281464 0 0 0 0 0
0.208896 0 1.89706 0 0 6.49866e-05 0 0 0.00294777 0 0 0 0 0
0.229785 0 1.89692 0 0 7.13096e-05 0 0 0.00308783 0 0 0 0 0
0.252764 0 1.89677 0 0 7.82587e-05 0 0 0.00323479 0 0 0 0 0
0.27804 0 1.89661 0 0 8.58965e-05 0 0 0.00338897 0 0 0 0 0
0.305844 0 1.89644 0 0 9.43202e-05 0 0 0.00355127 0 0 0 0 0
0.336429 0 1.89627 0 0 0.00010358 0 0 0.00372153 0 0 0 0 0
0.370072 0 1.89608 0 0 0.000113789 0 0 0.00390065 0 0 0 0 0
0.407079 0 1.89589 0 0 0.000125012 0 0 0.00408853 0 0 0 0 0
0.447787 0 1.89568 0 0 0.000137394 0 0 0.00428629 0 0 0 0 0
0.492565 0 1.89546 0 0 0.000151007 0 0 0.00449371 0 0 0 0 0
0.541822 0 1.89524 0 0 0.000166039 0 0 0.00471215 0 0 0 0 0
0.596004 0 1.89499 0 0 0.000182612 0 0 0.00494186 0 0 0 0 0
0.655605 0 1.89474 0 0 0.000200884 0 0 0.00518338 0 0 0 0 0
0.721165 0 1.89447 0 0 0.000221027 0 0 0.00543725 0 0 0 0 0
0.793281 0 1.89419 0 0 0.000243248 0 0 0.00570425 0 0 0 0 0
0.87261 0 1.89389 0 0 0.000267768 0 0 0.00598513 0 0 0 0 0
0.959871 0 1.89357 0 0 0.000294836 0 0 0.00628069 0 0 0 0 0
1.05586 0 1.89324 0 0 0.000324728 0 0 0.00659176 0 0 0 0 0
1.15586 0 1.8929 0 0 0.000356005 0 0 0.00690196 0 0 0 0 0
1.25586 0 1.89258 0 0 0.000387425 0 0 0.00719961 0 0 0 0 0
1.35586 0 1.89226 0 0 0.000418992 0 0 0.00748631 0 0 0 0 0
1.45586 0 1.89196 0 0 0.000450705 0 0 0.00776332 0 0 0 0 0
1.55586 0 1.89166 0 0 0.000482566 0 0 0.0080317 0 0 0 0 0
1.65586 0 1.89137 0 0 0.000514575 0 0 0.00829233 0 0 0 0 0
1.75586 0 1.89109 0 0 0.000546734 0 0 0.00854595 0 0 0 0 0
1.85586 0 1.89081 0 0 0.000579043 0 0 0.0087932 0 0 0 0 0
1.95586 0 1.89054 0 0 0.000611503 0 0 0.00903461 0 0 0 0 0
2.05586 0 1.89027 0 0 0.000644113 0 0 0.00927068 0 0 0 0 0
2.15586 0 1.89001 0 0 0.000676876 0 0 0.00950182 0 0 0 0 0
2.25586 0 1.88976 0 0 0.000709791 0 0 0.00972839 0 0 0 0 0
2.35586 0 1.8895 0 0 0.00074286 0 0 0.00995073 0 0 0 0 0
2.45586 0 1.88925 0 0 0.000776082 0 0 0.0101691 0 0 0 0 0
2.55586 0 1.889 0 0 0.000809458 0 0 0.0103838 0 0 0 0 0
2.65586 0 1.88876 0 0 0.000842989 0 0 0.0105951 0 0 0 0 0
2.75586 0 1.88852 0 0 0.000876675 0 0 0.0108031 0 0 0 0 0
2.85586 0 1.88828 0 0 0.000910517 0 0 0.0110081 0 0 0 0 0
2.95586 0 1.88805 0 0 0.000944515 0 0 0.0112102 0 0 0 0 0
3.05586 0 1.88781 0 0 0.00097867 0 0 0.0114096 0 0 0 0 0
3.15586 0 1.88758 0 0 0.00101298 0 0 0.0116064 0 0 0 0 0
3.25586 0 1.88736 0 0 0.00104745 0 0 0.0118008 0 0 0 0 0
3.35586 0 1.88713 0 0 0.00108208 0 0 0.011993 0 0 0 0 0
3.45586 0 1.88691 0 0 0.00111687 0 0 0.0121829 0 0 0 0 0
3.55586 0 1.88668 0 0 0.00115181 0 0 0.0123707 0 0 0 0 0
3.65586 0 1.88646 0 0 0.00118692 0 0 0.0125566 0 0 0 0 0
3.75586 0 1.88625 0 0 0.00122218 0 0 0.0127406 0 0 0 0 0
3.85586 0 1.88603 0 0 0.00125761 0 0 0.0129228 0 0 0 0 0
3.95586 0 1.88581 0 0 0.0012932 0 0 0.0131033 0 0 0 0 0
4.05586 0 1.8856 0 0 0.00132895 0 0 0.0132821 0 0 0 0 0
4.15586 0 1.88539 0 0 0.00136486 0 0 0.0134593 0 0 0 0 0
4.25586 0 1.88517 0 0 0.00140093 0 0 0.0136351 0 0 0 0 0
4.35586 0 1.88496 0 0 0.00143717 0 0 0.0138094 0 0 0 0 0
4.45586 0 1.88476 0 0 0.00147357 0 0 0.0139823 0 0 0 0 0
4.55586 0 1.88455 0 0 0.00151013 0 0 0.0141538 0 0 0 0 0
4.65586 0 1.88434 0 0 0.00154686 0 0 0.0143241 0 0 0 0 0
4.75586 0 1.88414 0 0 0.00158376 0 0 0.0144932 0 0 0 0 0
4.85586 0 1.88393 0 0 0.00162081 0 0 0.014661 0 0 0 0 0
4.95586 0 1.88373 0 0 0.00165804 0 0 0.0148277 0 0 0 0 0
5.05586 0 1.88352 0 0 0.00169543 0 0 0.0149934 0 0 0 0 0
5.15586 0 1.88332 0 0 0.00173299 0 0 0.0151579 0 0 0 0 0
5.25586 0 1.88312 0 0 0.00177071 0 0 0.0153215 0 0 0 0 0
5.35586 0 1.88292 0 0 0.0018086 0 0 0.015484 0 0 0 0 0
5.45586 0 1.88272 0 0 0.00184666 0 0 0.0156456 0 0 0 0 0
5.55586 0 1.88252 0 0 0.00188489 0 0 0.0158063 0 0 0 0 0
5.65586 0 1.88232 0 0 0.00192329 0 0 0.0159661 0 0 0 0 0
5.75586 0 1.88213 0 0 0.00196186 0 0 0.016125 0 0 0 0 0
5.85586 0 1.88193 0 0 0.00200059 0 0 0.0162831 0 0 0 0 0
5.95586 0 1.88173 0 0 0.0020395 0 0 0.0164404 0 0 0 0 0
6.05586 0 1.88154 0 0 0.00207858 0 0 0.0165969 0 0 0 0 0
6.15586 0 1.88134 0 0 0.00211783 0 0 0.0167527 0 0 0 0 0
6.25586 0 1.88115 0 0 0.00215725 0 0 0.0169077 0 0 0 0 0
6.35586 0 1.88096 0 0 0.00219684 0 0 0.017062 0 0 0 0 0
6.45586 0 1.88076 0 0 0.00223661 0 0 0.0172157 0 0 0 0 0
6.55586 0 1.88057 0 0 0.00227654 0 0 0.0173686 0 0 0 0 0
6.65586 0 1.88038 0 0 0.00231666 0 0 0.017521 0 0 0 0 0
6.75586 0 1.88019 0 0 0.00235694 0 0 0.0176727 0 0 0 0 0
6.85586 0 1.87999 0 0 0.0023974 0 0 0.0178238 0 0 0 0 0
6.95586 0 1.8798 0 0 0.00243804 0 0 0.0179743 0 0 0 0 0
7.05586 0 1.87961 0 0 0.00247885 0 0 0.0181242 0 0 0 0 0
7.15586 0 1.87942 0 0 0.00251983 0 0 0.0182736 0 0 0 0 0
7.25586 0 1.87923 0 0 0.00256099 0 0 0.0184225 0 0 0 0 0
7.35586 0 1.87904 0 0 0.00260233 0 0 0.0185708 0 0 0 0 0
7.45586 0 1.87885 0 0 0.00264385 0 0 0.0187186 0 0 0 0 0
7.55586 0 1.87866 0 0 0.00268554 0 0 0.0188659 0 0 0 0 0
7.65586 0 1.87847 0 0 0.00272741 0 0 0.0190128 0 0 0 0 0
7.75586 0 1.87829 0 0 0.00276946 0 0 0.0191592 0 0 0 0 0
7.85586 0 1.8781 0 0 0.00281169 0 0 0.0193051 0 0 0 0 0
7.95586 0 1.87791 0 0 0.00285409 0 0 0.0194506 0 0 0 0 0
8.05586 0 1.87772 0 0 0.00289668 0 0 0.0195957 0 0 0 0 0
8.15586 0 1.87754 0 0 0.00293945 0 0 0.0197403 0 0 0 0 0
8.25586 0 1.87735 0 0 0.00298239 0 0 0.0198846 0 0 0 0 0
8.35586 0 1.87716 0 0 0.00302552 0 0 0.0200284 0 0 0 0 0
8.45586 0 1.87697 0 0 0.00306883 0 0 0.0201719 0 0 0 0 0
8.55586 0 1.87679 0 0 0.00311232 0 0 0.020315 0 0 0 0 0
8.65586 0 1.8766 0 0 0.00315599 0 0 0.0204577 0 0 0 0 0
8.75586 0 1.87641 0 0 0.00319985 0 0 0.0206001 0 0 0 0 0
8.85586 0 1.87623 0 0 0.00324389 0 0 0.0207422 0 0 0 0 0
8.95586 0 1.87604 0 0 0.00328811 0 0 0.0208839 0 0 0 0 0
9.05586 0 1.87586 0 0 0.00333252 0 0 0.0210253 0 0 0 0 0
9.15586 0 1.87567 0 0 0.00337711 0 0 0.0211663 0 0 0 0 0
9.25586 0 1.87549 0 0 0.00342188 0 0 0.0213071 0 0 0 0 0
9.35586 0 1.8753 0 0 0.00346685 0 0 0.0214476 0 0 0 0 0
9.45586 0 1.87511 0 0 0.00351199 0 0 0.0215878 0 0 0 0 0
9.55586 0 1.87493 0 0 0.00355732 0 0 0.0217276 0 0 0 0 0
9.65586 0 1.87474 0 0 0.00360284 0 0 0.0218673 0 0 0 0 0
9.75586 0 1.87456 0 0 0.00364855 0 0 0.0220066 0 0 0 0 0
9.85586 0 1.87437 0 0 0.00369444 0 0 0.0221457 0 0 0 0 0
9.95586 0 1.87419 0 0 0.00374052 0 0 0.0222846 0 0 0 0 0
10.0559 0 1.874 0 0 0.00378679 0 0 0.0224231 0 0 0 0 0
10.1559 0 1.87382 0 0 0.00383325 0 0 0.0225615 0 0 0 0 0
10.2559 0 1.87363 0 0 0.0038799 0 0 0.0226996 0 0 0 0 0
10.3559 0 1.87345 0 0 0.00392673 0 0 0.0228375 0 0 0 0 0
10.4559 0 1.87326 0 0 0.00397376 0 0 0.0229752 0 0 0 0 0
10.5559 0 1.87308 0 0 0.00402098 0 0 0.0231126 0 0 0 0 0
10.6559 0 1.87289 0 0 0.00406838 0 0 0.0232499 0 0 0 0 0
10.7559 0 1.87271 0 0 0.00411598 0 0 0.0233869 0 0 0 0 0
10.8559 0 1.87253 0 0 0.00416377 0 0 0.0235238 0 0 0 0 0
10.9559 0 1.87234 0 0 0.00421175 0 0 0.0236604 0 0 0 0 0
11.0559 0 1.87216 0 0 0.00425993 0 0 0.0237969 0 0 0 0 0
11.1559 0 1.87197 0 0 0.00430829 0 0 0.0239332 0 0 0 0 0
11.2559 0 1.87179 0 0 0.00435685 0 0 0.0240693 0 0 0 0 0
11.3559 0 1.8716 0 0 0.0044056 0 0 0.0242053 0 0 0 0 0
11.4559 0 1.87142 0 0 0.00445455 0 0 0.024341 0 0 0 0 0
11.5559 0 1.87123 0 0 0.00450369 0 0 0.0244766 0 0 0 0 0
11.6559 0 1.87105 0 0 0.00455303 0 0 0.0246121 0 0 0 0 0
11.7559 0 1.87086 0 0 0.00460256 0 0 0.0247474 0 0 0 0 0
11.8559 0 1.87068 0 0 0.00465229 0 0 0.0248826 0 0 0 0 0
11.9559 0 1.87049 0 0 0.00470221 0 0 0.0250176 0 0 0 0 0
12.0559 0 1.87031 0 0 0.00475233 0 0 0.0251524 0 0 0 0 0
12.1559 0 1.87012 0 0 0.00480265 0 0 0.0252872 0 0 0 0 0
12.2559 0 1.86994 0 0 0.00485316 0 0 0.0254218 0 0 0 0 0
12.3559 0 1.86975 0 0 0.00490387 0 0 0.0255562 0 0 0 0 0
12.4559 0 1.86957 0 0 0.00495478 0 0 0.0256906 0 0 0 0 0
12.5559 0 1.86938 0 0 0.00500589 0 0 0.0258248 0 0 0 0 0
12.6559 0 1.86919 0 0 0.0050572 0 0 0.0259589 0 0 0 0 0
12.7559 0 1.86901 0 0 0.0051087 0 0 0.0260929 0 0 0 0 0
12.8559 0 1.86882 0 0 0.00516041 0 0 0.0262268 0 0 0 0 0
12.9559 0 1.86864 0 0 0.00521231 0 0 0.0263606 0 0 0 0 0
13.0559 0 1.86845 0 0 0.00526442 0 0 0.0264943 0 0 0 0 0
13.1559 0 1.86827 0 0 0.00531672 0 0 0.0266279 0 0 0 0 0
13.2559 0 1.86808 0 0 0.00536923 0 0 0.0267614 0 0 0 0 0
13.3559 0 1.86789 0 0 0.00542194 0 0 0.0268948 0 0 0 0 0
13.4559 0 1.86771 0 0 0.00547485 0 0 0.0270281 0 0 0 0 0
13.5559 0 1.86752 0 0 0.00552796 0 0 0.0271614 0 0 0 0 0
13.6559 0 1.86733 0 0 0.00558128 0 0 0.0272945 0 0 0 0 0
13.7559 0 1.86715 0 0 0.0056348 0 0 0.0274276 0 0 0 0 0
13.8559 0 1.86696 0 0 0.00568852 0 0 0.0275606 0 0 0 0 0
13.9559 0 1.86677 0 0 0.00574245 0 0 0.0276935 0 0 0 0 0
14.0559 0 1.86659 0 0 0.00579658 0 0 0.0278263 0 0 0 0 0
14.1559 0 1.8664 0 0 0.00585091 0 0 0.0279591 0 0 0 0 0
14.2559 0 1.86621 0 0 0.00590545 0 0 0.0280918 0 0 0 0 0
14.3559 0 1.86602 0 0 0.0059602 0 0 0.0282245 0 0 0 0 0
14.4559 0 1.86584 0 0 0.00601515 0 0 0.0283571 0 0 0 0 0
14.5559 0 1.86565 0 0 0.00607031 0 0 0.0284896 0 0 0 0 0
14.6559 0 1.86546 0 0 0.00612567 0 0 0.0286221 0 0 0 0 0
14.7559 0 1.86527 0 0 0.00618124 0 0 0.0287545 0 0 0 0 0
14.8559 0 1.86508 0 0 0.00623702 0 0 0.0288869 0 0 0 0 0
14.9559 0 1.8649 0 0 0.006293 0 0 0.0290192 0 0 0 0 0
15.0559 0 1.86471 0 0 0.00634919 0 0 0.0291515 0 0 0 0 0
15.1559 0 1.86452 0 0 0.0064056 0 0 0.0292837 0 0 0 0 0
15.2559 0 1.86433 0 0 0.00646221 0 0 0.0294159 0 0 0 0 0
15.3559 0 1.86414 0 0 0.00651902 0 0 0.0295481 0 0 0 0 0
15.4559 0 1.86395 0 0 0.00657605 0 0 0.0296802 0 0 0 0 0
15.5559 0 1.86376 0 0 0.00663329 0 0 0.0298123 0 0 0 0 0
15.6559 0 1.86357 0 0 0.00669074 0 0 0.0299444 0 0 0 0 0
15.7559 0 1.86338 0 0 0.0067484 0 0 0.0300764 0 0 0 0 0
15.8559 0 1.86319 0 0 0.00680627 0 0 0.0302084 0 0 0 0 0
15.9559 0 1.863 0 0 0.00686435 0 0 0.0303404 0 0 0 0 0
16.0559 0 1.86281 0 0 0.00692264 0 0 0.0304723 0 0 0 0 0
16.1559 0 1.86262 0 0 0.00698114 0 0 0.0306043 0 0 0 0 0
16.2559 0 1.86243 0 0 0.00703986 0 0 0.0307362 0 0 0 0 0
16.3559 0 1.86224 0 0 0.00709879 0 0 0.0308681 0 0 0 0 0
16.4559 0 1.86205 0 0 0.00715793 0 0 0.031 0 0 0 0 0
16.5559 0 1.86186 0 0 0.00721728 0 0 0.0311318 0 0 0 0 0
16.6559 0 1.86167 0 0 0.00727685 0 0 0.0312637 0 0 0 0 0
16.7559 0 1.86147 0 0 0.00733663 0 0 0.0313955 0 0 0 0 0
16.8559 0 1.86128 0 0 0.00739663 0 0 0.0315274 0 0 0 0 0
16.9559 0 1.86109 0 0 0.00745684 0 0 0.0316592 0 0 0 0 0
17.0559 0 1.8609 0 0 0.00751727 0 0 0.031791 0 0 0 0 0
17.1559 0 1.8607 0 0 0.00757791 0 0 0.0319229 0 0 0 0 0
17.2559 0 1.86051 0 0 0.00763877 0 0 0.0320547 0 0 0 0 0
17.3559 0 1.86032 0 0 0.00769984 0 0 0.0321865 0 0 0 0 0
17.4559 0 1.86013 0 0 0.00776113 0 0 0.0323183 0 0 0 0 0
17.5559 0 1.85993 0 0 0.00782264 0 0 0.0324501 0 0 0 0 0
17.6559 0 1.85974 0 0 0.00788436 0 0 0.032582 0 0 0 0 0
17.7559 0 1.85954 0 0 0.0079463 0 0 0.0327138 0 0 0 0 0
17.8559 0 1.85935 0 0 0.00800846 0 0 0.0328457 0 0 0 0 0
17.9559 0 1.85916 0 0 0.00807083 0 0 0.0329775 0 0 0 0 0
18.0559 0 1.85896 0 0 0.00813343 0 0 0.0331094 0 0 0 0 0
18.1559 0 1.85877 0 0 0.00819624 0 0 0.0332412 0 0 0 0 0
18.2559 0 1.85857 0 0 0.00825927 0 0 0.0333731 0 0 0 0 0
18.3559 0 1.85838 0 0 0.00832252 0 0 0.033505 0 0 0 0 0
18.4559 0 1.85818 0 0 0.00838599 0 0 0.033637 0 0 0 0 0
18.5559 0 1.85798 0 0 0.00844969 0 0 0.0337689 0 0 0 0 0
18.6559 0 1.85779 0 0 0.0085136 0 0 0.0339009 0 0 0 0 0
18.7559 0 1.85759 0 0 0.00857773 0 0 0.0340328 0 0 0 0 0
18.8559 0 1.8574 0 0 0.00864208 0 0 0.0341648 0 0 0 0 0
18.9559 0 1.8572 0 0 0.00870665 0 0 0.0342969 0 0 0 0 0
19.0559 0 1.857 0 0 0.00877145 0 0 0.0344289 0 0 0 0 0
19.1559 0 1.85681 0 0 0.00883646 0 0 0.034561 0 0 0 0 0
19.2559 0 1.85661 0 0 0.0089017 0 0 0.0346931 0 0 0 0 0
19.3559 0 1.85641 0 0 0.00896716 0 0 0.0348252 0 0 0 0 0
19.4559 0 1.85621 0 0 0.00903284 0 0 0.0349574 0 0 0 0 0
19.5559 0 1.85601 0 0 0.00909875 0 0 0.0350896 0 0 0 0 0
19.6559 0 1.85582 0 0 0.00916488 0 0 0.0352218 0 0 0 0 0
19.7559 0 1.85562 0 0 0.00923123 0 0 0.035354 0 0 0 0 0
19.8559 0 1.85542 0 0 0.00929781 0 0 0.0354863 0 0 0 0 0
19.9559 0 1.85522 0 0 0.00936461 0 0 0.0356186 0 0 0 0 0
20.0559 0 1.85502 0 0 0.00943163 0 0 0.035751 0 0 0 0 0
20.1559 0 1.85482 0 0 0.00949888 0 0 0.0358834 0 0 0 0 0
20.2559 0 1.85462 0 0 0.00956636 0 0 0.0360158 0 0 0 0 0
20.3559 0 1.85442 0 0 0.00963406 0 0 0.0361483 0 0 0 0 0
20.4559 0 1.85422 0 0 0.00970198 0 0 0.0362808 0 0 0 0 0
20.5559 0 1.85402 0 0 0.00977014 0 0 0.0364134 0 0 0 0 0
20.6559 0 1.85382 0 0 0.00983851 0 0 0.036546 0 0 0 0 0
20.7559 0 1.85361 0 0 0.00990712 0 0 0.0366786 0 0 0 0 0
20.8559 0 1.85341 0 0 0.00997595 0 0 0.0368113 0 0 0 0 0
20.9559 0 1.85321 0 0 0.010045 0 0 0.036944 0 0 0 0 0
21.0559 0 1.85301 0 0 0.0101143 0 0 0.0370768 0 0 0 0 0
21.1559 0 1.85281 0 0 0.0101838 0 0 0.0372096 0 0 0 0 0
21.2559 0 1.8526 0 0 0.0102535 0 0 0.0373425 0 0 0 0 0
21.3559 0 1.8524 0 0 0.0103235 0 0 0.0374754 0 0 0 0 0
21.4559 0 1.8522 0 0 0.0103937 0 0 0.0376084 0 0 0 0 0
21.5559 0 1.85199 0 0 0.0104641 0 0 0.0377414 0 0 0 0 0
21.6559 0 1.85179 0 0 0.0105348 0 0 0.0378745 0 0 0 0 0
21.7559 0 1.85159 0 0 0.0106057 0 0 0.0380076 0 0 0 0 0
21.8559 0 1.85138 0 0 0.0106768 0 0 0.0381408 0 0 0 0 0
21.9559 0 1.85118 0 0 0.0107481 0 0 0.0382741 0 0 0 0 0
22.0559 0 1.85097 0 0 0.0108197 0 0 0.0384074 0 0 0 0 0
22.1559 0 1.85077 0 0 0.0108915 0 0 0.0385407 0 0 0 0 0
22.2559 0 1.85056 0 0 0.0109635 0 0 0.0386741 0 0 0 0 0
22.3559 0 1.85035 0 0 0.0110358 0 0 0.0388076 0 0 0 0 0
22.4559 0 1.85015 0 0 0.0111083 0 0 0.0389411 0 0 0 0 0
22.5559 0 1.84994 0 0 0.011181 0 0 0.0390747 0 0 0 0 0
22.6559 0 1.84974 0 0 0.011254 0 0 0.0392083 0 0 0 0 0
22.7559 0 1.84953 0 0 0.0113271 0 0 0.0393421 0 0 0 0 0
22.8559 0 1.84932 0 0 0.0114006 0 0 0.0394758 0 0 0 0 0
22.9559 0 1.84911 0 0 0.0114742 0 0 0.0396097 0 0 0 0 0
23.0559 0 1.84891 0 0 0.0115481 0 0 0.0397436 0 0 0 0 0
23.1559 0 1.8487 0 0 0.0116222 0 0 0.0398775 0 0 0 0 0
23.2559 0 1.84849 0 0 0.0116966 0 0 0.0400116 0 0 0 0 0
23.3559 0 1.84828 0 0 0.0117711 0 0 0.0401456 0 0 0 0 0
23.4559 0 1.84807 0 0 0.011846 0 0 0.0402798 0 0 0 0 0
23.5559 0 1.84786 0 0 0.011921 0 0 0.040414 0 0 0 0 0
23.6559 0 1.84765 0 0 0.0119963 0 0 0.0405483 0 0 0 0 0
23.7559 0 1.84744 0 0 0.0120718 0 0 0.0406827 0 0 0 0 0
23.8559 0 1.84723 0 0 0.0121476 0 0 0.0408171 0 0 0 0 0
23.9559 0 1.84702 0 0 0.0122235 0 0 0.0409516 0 0 0 0 0
24.0559 0 1.84681 0 0 0.0122998 0 0 0.0410862 0 0 0 0 0
24.1559 0 1.8466 0 0 0.0123762 0 0 0.0412209 0 0 0 0 0
24.2559 0 1.84639 0 0 0.0124529 0 0 0.0413556 0 0 0 0 0
24.3559 0 1.84617 0 0 0.0125298 0 0 0.0414904 0 0 0 0 0
24.4559 0 1.84596 0 0 0.012607 0 0 0.0416253 0 0 0 0 0
24.5559 0 1.84575 0 0 0.0126844 0 0 0.0417602 0 0 0 0 0
24.6559 0 1.84554 0 0 0.012762 0 0 0.0418952 0 0 0 0 0
24.7559 0 1.84532 0 0 0.0128399 0 0 0.0420303 0 0 0 0 0
24.8559 0 1.84511 0 0 0.012918 0 0 0.0421655 0 0 0 0 0
24.9559 0 1.8449 0 0 0.0129963 0 0 0.0423007 0 0 0 0 0
25.0559 0 1.84468 0 0 0.0130749 0 0 0.042436 0 0 0 0 0
25.1559 0 1.84447 0 0 0.0131537 0 0 0.0425715 0 0 0 0 0
25.2559 0 1.84425 0 0 0.0132327 0 0 0.0427069 0 0 0 0 0
25.3559 0 1.84404 0 0 0.013312 0 0 0.0428425 0 0 0 0 0
25.4559 0 1.84382 0 0 0.0133915 0 0 0.0429781 0 0 0 0 0
25.5559 0 1.84361 0 0 0.0134713 0 0 0.0431139 0 0 0 0 0
25.6559 0 1.84339 0 0 0.0135513 0 0 0.0432497 0 0 0 0 0
25.7559 0 1.84318 0 0 0.0136315 0 0 0.0433855 0 0 0 0 0
25.8559 0 1.84296 0 0 0.013712 0 0 0.0435215 0 0 0 0 0
25.9559 0 1.84274 0 0 0.0137927 0 0 0.0436576 0 0 0 0 0
26.0559 0 1.84252 0 0 0.0138737 0 0 0.0437937 0 0 0 0 0
26.1559 0 1.84231 0 0 0.0139549 0 0 0.0439299 0 0 0 0 0
26.2559 0 1.84209 0 0 0.0140363 0 0 0.0440662 0 0 0 0 0
26.3559 0 1.84187 0 0 0.014118 0 0 0.0442026 0 0 0 0 0
26.4559 0 1.84165 0 0 0.0141999 0 0 0.0443391 0 0 0 0 0
26.5559 0 1.84143 0 0 0.014282 0 0 0.0444756 0 0 0 0 0
26.6559 0 1.84121 0 0 0.0143644 0 0 0.0446123 0 0 0 0 0
26.7559 0 1.84099 0 0 0.014447 0 0 0.044749 0 0 0 0 0
26.8559 0 1.84077 0 0 0.0145299 0 0 0.0448858 0 0 0 0 0
26.9559 0 1.84055 0 0 0.014613 0 0 0.0450227 0 0 0 0 0
27.0559 0 1.84033 0 0 0.0146963 0 0 0.0451597 0 0 0 0 0
27.1559 0 1.84011 0 0 0.0147799 0 0 0.0452968 0 0 0 0 0
27.2559 0 1.83989 0 0 0.0148637 0 0 0.045434 0 0 0 0 0
27.3559 0 1.83967 0 0 0.0149478 0 0 0.0455712 0 0 0 0 0
27.4559 0 1.83945 0 0 0.0150321 0 0 0.0457086 0 0 0 0 0
27.5559 0 1.83923 0 0 0.0151167 0 0 0.045846 0 0 0 0 0
27.6559 0 1.839 0 0 0.0152014 0 0 0.0459836 0 0 0 0 0
27.7559 0 1.83878 0 0 0.0152865 0 0 0.0461212 0 0 0 0 0
27.8559 0 1.83856 0 0 0.0153717 0 0 0.0462589 0 0 0 0 0
27.9559 0 1.83833 0 0 0.0154573 0 0 0.0463968 0 0 0 0 0
28.0559 0 1.83811 0 0 0.015543 0 0 0.0465347 0 0 0 0 0
28.1559 0 1.83789 0 0 0.015629 0 0 0.0466727 0 0 0 0 0
28.2559 0 1.83766 0 0 0.0157152 0 0 0.0468108 0 0 0 0 0
28.3559 0 1.83744 0 0 0.0158017 0 0 0.0469489 0 0 0 0 0
28.4559 0 1.83721 0 0 0.0158884 0 0 0.0470872 0 0 0 0 0
28.5559 0 1.83699 0 0 0.0159754 0 0 0.0472256 0 0 0 0 0
28.6559 0 1.83676 0 0 0.0160626 0 0 0.0473641 0 0 0 0 0
28.7559 0 1.83653 0 0 0.01615 0 0 0.0475027 0 0 0 0 0
28.8559 0 1.83631 0 0 0.0162377 0 0 0.0476413 0 0 0 0 0
28.9559 0 1.83608 0 0 0.0163257 0 0 0.0477801 0 0 0 0 0
29.0559 0 1.83585 0 0 0.0164138 0 0 0.047919 0 0 0 0 0
29.1559 0 1.83563 0 0 0.0165023 0 0 0.0480579 0 0 0 0 0
29.2559 0 1.8354 0 0 0.0165909 0 0 0.048197 0 0 0 0 0
29.3559 0 1.83517 0 0 0.0166798 0 0 0.0483362 0 0 0 0 0
29.4559 0 1.83494 0 0 0.016769 0 0 0.0484754 0 0 0 0 0
29.5559 0 1.83471 0 0 0.0168584 0 0 0.0486148 0 0 0 0 0
29.6559 0 1.83448 0 0 0.016948 0 0 0.0487542 0 0 0 0 0
29.7559 0 1.83425 0 0 0.0170379 0 0 0.0488938 0 0 0 0 0
29.8559 0 1.83402 0 0 0.017128 0 0 0.0490335 0 0 0 0 0
29.9559 0 1.83379 0 0 0.0172183 0 0 0.0491732 0 0 0 0 0
30.0559 0 1.83356 0 0 0.017309 0 0 0.0493131 0 0 0 0 0
30.1559 0 1.83333 0 0 0.0173998 0 0 0.0494531 0 0 0 0 0
30.2559 0 1.8331 0 0 0.0174909 0 0 0.0495931 0 0 0 0 0
30.3559 0 1.83287 0 0 0.0175822 0 0 0.0497333 0 0 0 0 0
30.4559 0 1.83264 0 0 0.0176738 0 0 0.0498736 0 0 0 0 0
30.5559 0 1.8324 0 0 0.0177656 0 0 0.0500139 0 0 0 0 0
30.6559 0 1.83217 0 0 0.0178577 0 0 0.0501544 0 0 0 0 0
30.7559 0 1.83194 0 0 0.01795 0 0 0.050295 0 0 0 0 0
30.8559 0 1.8317 0 0 0.0180426 0 0 0.0504357 0 0 0 0 0
30.9559 0 1.83147 0 0 0.0181354 0 0 0.0505765 0 0 0 0 0
31.0559 0 1.83124 0 0 0.0182284 0 0 0.0507174 0 0 0 0 0
31.1559 0 1.831 0 0 0.0183217 0 0 0.0508584 0 0 0 0 0
31.2559 0 1.83077 0 0 0.0184153 0 0 0.0509995 0 0 0 0 0
31.3559 0 1.83053 0 0 0.0185091 0 0 0.0511407 0 0 0 0 0
31.4559 0 1.8303 0 0 0.0186031 0 0 0.051282 0 0 0 0 0
31.5559 0 1.83006 0 0 0.0186974 0 0 0.0514235 0 0 0 0 0
31.6559 0 1.82982 0 0 0.0187919 0 0 0.051565 0 0 0 0 0
31.7559 0 1.82959 0 0 0.0188866 0 0 0.0517066 0 0 0 0 0
31.8559 0 1.82935 0 0 0.0189816 0 0 0.0518484 0 0 0 0 0
31.9559 0 1.82911 0 0 0.0190769 0 0 0.0519903 0 0 0 0 0
32.0559 0 1.82887 0 0 0.0191724 0 0 0.0521322 0 0 0 0 0
32.1559 0 1.82864 0 0 0.0192681 0 0 0.0522743 0 0 0 0 0
32.2559 0 1.8284 0 0 0.0193641 0 0 0.0524165 0 0 0 0 0
32.3559 0 1.82816 0 0 0.0194604 0 0 0.0525588 0 0 0 0 0
32.4559 0 1.82792 0 0 0.0195568 0 0 0.0527012 0 0 0 0 0
32.5559 0 1.82768 0 0 0.0196536 0 0 0.0528437 0 0 0 0 0
32.6559 0 1.82744 0 0 0.0197505 0 0 0.0529863 0 0 0 0 0
32.7559 0 1.8272 0 0 0.0198477 0 0 0.0531291 0 0 0 0 0
32.8559 0 1.82696 0 0 0.0199452 0 0 0.0532719 0 0 0 0 0
32.9559 0 1.82672 0 0 0.0200429 0 0 0.0534149 0 0 0 0 0
33.0559 0 1.82648 0 0 0.0201409 0 0 0.0535579 0 0 0 0 0
33.1559 0 1.82624 0 0 0.0202391 0 0 0.0537011 0 0 0 0 0
33.2559 0 1.826 0 0 0.0203375 0 0 0.0538444 0 0 0 0 0
33.3559 0 1.82575 0 0 0.0204362 0 0 0.0539878 0 0 0 0 0
33.4559 0 1.82551 0 0 0.0205351 0 0 0.0541313 0 0 0 0 0
33.5559 0 1.82527 0 0 0.0206343 0 0 0.0542749 0 0 0 0 0
33.6559 0 1.82502 0 0 0.0207337 0 0 0.0544187 0 0 0 0 0
33.7559 0 1.82478 0 0 0.0208334 0 0 0.0545625 0 0 0 0 0
33.8559 0 1.82454 0 0 0.0209333 0 0 0.0547065 0 0 0 0 0
33.9559 0 1.82429 0 0 0.0210335 0 0 0.0548506 0 0 0 0 0
34.0559 0 1.82405 0 0 0.0211339 0 0 0.0549948 0 0 0 0 0
34.1559 0 1.8238 0 0 0.0212345 0 0 0.0551391 0 0 0 0 0
34.2559 0 1.82356 0 0 0.0213354 0 0 0.0552835 0 0 0 0 0
34.3559 0 1.82331 0 0 0.0214366 0 0 0.055428 0 0 0 0 0
34.4559 0 1.82306 0 0 0.021538 0 0 0.0555727 0 0 0 0 0
34.5559 0 1.82282 0 0 0.0216396 0 0 0.0557175 0 0 0 0 0
34.6559 0 1.82257 0 0 0.0217415 0 0 0.0558624 0 0 0 0 0
34.7559 0 1.82232 0 0 0.0218436 0 0 0.0560074 0 0 0 0 0
34.8559 0 1.82207 0 0 0.021946 0 0 0.0561525 0 0 0 0 0
34.9559 0 1.82183 0 0 0.0220486 0 0 0.0562977 0 0 0 0 0
35.0559 0 1.82158 0 0 0.0221515 0 0 0.056443 0 0 0 0 0
35.1559 0 1.82133 0 0 0.0222546 0 0 0.0565885 0 0 0 0 0
35.2559 0 1.82108 0 0 0.0223579 0 0 0.0567341 0 0 0 0 0
35.3559 0 1.82083 0 0 0.0224615 0 0 0.0568798 0 0 0 0 0
35.4559 0 1.82058 0 0 0.0225654 0 0 0.0570256 0 0 0 0 0
35.5559 0 1.82033 0 0 0.0226695 0 0 0.0571715 0 0 0 0 0
35.6559 0 1.82008 0 0 0.0227738 0 0 0.0573176 0 0 0 0 0
35.7559 0 1.81983 0 0 0.0228784 0 0 0.0574638 0 0 0 0 0
35.8559 0 1.81958 0 0 0.0229832 0 0 0.0576101 0 0 0 0 0
35.9559 0 1.81933 0 0 0.0230883 0 0 0.0577565 0 0 0 0 0
36.0559 0 1.81907 0 0 0.0231936 0 0 0.057903 0 0 0 0 0
36.1559 0 1.81882 0 0 0.0232992 0 0 0.0580496 0 0 0 0 0
36.2559 0 1.81857 0 0 0.023405 0 0 0.0581964 0 0 0 0 0
36.3559 0 1.81832 0 0 0.023511 0 0 0.0583433 0 0 0 0 0
36.4559 0 1.81806 0 0 0.0236174 0 0 0.0584903 0 0 0 0 0
36.5559 0 1.81781 0 0 0.0237239 0 0 0.0586374 0 0 0 0 0
36.6559 0 1.81755 0 0 0.0238307 0 0 0.0587846 0 0 0 0 0
36.7559 0 1.8173 0 0 0.0239377 0 0 0.058932 0 0 0 0 0
36.8559 0 1.81704 0 0 0.024045 0 0 0.0590795 0 0 0 0 0
36.9559 0 1.81679 0 0 0.0241525 0 0 0.0592271 0 0 0 0 0
37.0559 0 1.81653 0 0 0.0242603 0 0 0.0593748 0 0 0 0 0
37.1559 0 1.81628 0 0 0.0243683 0 0 0.0595227 0 0 0 0 0
37.2559 0 1.81602 0 0 0.0244766 0 0 0.0596706 0 0 0 0 0
37.3559 0 1.81576 0 0 0.0245851 0 0 0.0598187 0 0 0 0 0
37.4559 0 1.81551 0 0 0.0246939 0 0 0.0599669 0 0 0 0 0
37.5559 0 1.81525 0 0 0.0248029 0 0 0.0601152 0 0 0 0 0
37.6559 0 1.81499 0 0 0.0249121 0 0 0.0602637 0 0 0 0 0
37.7559 0 1.81473 0 0 0.0250216 0 0 0.0604123 0 0 0 0 0
37.8559 0 1.81447 0 0 0.0251313 0 0 0.060561 0 0 0 0 0
37.9559 0 1.81422 0 0 0.0252413 0 0 0.0607098 0 0 0 0 0
38.0559 0 1.81396 0 0 0.0253515 0 0 0.0608587 0 0 0 0 0
38.1559 0 1.8137 0 0 0.025462 0 0 0.0610078 0 0 0 0 0
38.2559 0 1.81344 0 0 0.0255727 0 0 0.061157 0 0 0 0 0
38.3559 0 1.81318 0 0 0.0256836 0 0 0.0613063 0 0 0 0 0
38.4559 0 1.81292 0 0 0.0257948 0 0 0.0614557 0 0 0 0 0
38.5559 0 1.81265 0 0 0.0259063 0 0 0.0616053 0 0 0 0 0
38.6559 0 1.81239 0 0 0.026018 0 0 0.061755 0 0 0 0 0
38.7559 0 1.81213 0 0 0.0261299 0 0 0.0619048 0 0 0 0 0
38.8559 0 1.81187 0 0 0.0262421 0 0 0.0620547 0 0 0 0 0
38.9559 0 1.81161 0 0 0.0263545 0 0 0.0622048 0 0 0 0 0
39.0559 0 1.81134 0 0 0.0264672 0 0 0.0623549 0 0 0 0 0
39.1559 0 1.81108 0 0 0.0265801 0 0 0.0625052 0 0 0 0 0
39.2559 0 1.81082 0 0 0.0266932 0 0 0.0626557 0 0 0 0 0
39.3559 0 1.81055 0 0 0.0268066 0 0 0.0628062 0 0 0 0 0
39.4559 0 1.81029 0 0 0.0269202 0 0 0.0629569 0 0 0 0 0
39.5559 0 1.81002 0 0 0.0270341 0 0 0.0631077 0 0 0 0 0
39.6559 0 1.80976 0 0 0.0271482 0 0 0.0632586 0 0 0 0 0
39.7559 0 1.80949 0 0 0.0272626 0 0 0.0634097 0 0 0 0 0
39.8559 0 1.80922 0 0 0.0273772 0 0 0.0635609 0 0 0 0 0
39.9559 0 1.80896 0 0 0.0274921 0 0 0.0637122 0 0 0 0 0
40.0559 0 1.80869 0 0 0.0276072 0 0 0.0638636 0 0 0 0 0
40.1559 0 1.80842 0 0 0.0277225 0 0 0.0640152 0 0 0 0 0
40.2559 0 1.80816 0 0 0.0278381 0 0 0.0641668 0 0 0 0 0
40.3559 0 1.80789 0 0 0.0279539 0 0 0.0643186 0 0 0 0 0
40.4559 0 1.80762 0 0 0.02807 0 0 0.0644706 0 0 0 0 0
40.5559 0 1.80735 0 0 0.0281863 0 0 0.0646226 0 0 0 0 0
40.6559 0 1.80708 0 0 0.0283028 0 0 0.0647748 0 0 0 0 0
40.7559 0 1.80681 0 0 0.0284196 0 0 0.0649272 0 0 0 0 0
40.8559 0 1.80654 0 0 0.0285366 0 0 0.0650796 0 0 0 0 0
40.9559 0 1.80627 0 0 0.0286539 0 0 0.0652322 0 0 0 0 0
41.0559 0 1.806 0 0 0.0287714 0 0 0.0653849 0 0 0 0 0
41.1559 0 1.80573 0 0 0.0288892 0 0 0.0655377 0 0 0 0 0
41.2559 0 1.80546 0 0 0.0290072 0 0 0.0656906 0 0 0 0 0
41.3559 0 1.80519 0 0 0.0291254 0 0 0.0658437 0 0 0 0 0
41.4559 0 1.80492 0 0 0.0292439 0 0 0.0659969 0 0 0 0 0
41.5559 0 1.80465 0 0 0.0293626 0 0 0.0661503 0 0 0 0 0
41.6559 0 1.80437 0 0 0.0294816 0 0 0.0663037 0 0 0 0 0
41.7559 0 1.8041 0 0 0.0296008 0 0 0.0664573 0 0 0 0 0
41.8559 0 1.80383 0 0 0.0297203 0 0 0.0666111 0 0 0 0 0
41.9559 0 1.80355 0 0 0.02984 0 0 0.0667649 0 0 0 0 0
42.0559 0 1.80328 0 0 0.0299599 0 0 0.0669189 0 0 0 0 0
42.1559 0 1.803 0 0 0.0300801 0 0 0.067073 0 0 0 0 0
42.2559 0 1.80273 0 0 0.0302005 0 0 0.0672272 0 0 0 0 0
42.3559 0 1.80245 0 0 0.0303211 0 0 0.0673816 0 0 0 0 0
42.4559 0 1.80218 0 0 0.030442 0 0 0.0675361 0 0 0 0 0
42.5559 0 1.8019 0 0 0.0305631 0 0 0.0676907 0 0 0 0 0
42.6559 0 1.80163 0 0 0.0306845 0 0 0.0678455 0 0 0 0 0
42.7559 0 1.80135 0 0 0.0308061 0 0 0.0680004 0 0 0 0 0
42.8559 0 1.80107 0 0 0.0309279 0 0 0.0681554 0 0 0 0 0
42.9559 0 1.8008 0 0 0.03105 0 0 0.0683105 0 0 0 0 0
43.0559 0 1.80052 0 0 0.0311724 0 0 0.0684658 0 0 0 0 0
43.1559 0 1.80024 0 0 0.0312949 0 0 0.0686212 0 0 0 0 0
43.2559 0 1.79996 0 0 0.0314177 0 0 0.0687768 0 0 0 0 0
43.3559 0 1.79968 0 0 0.0315408 0 0 0.0689324 0 0 0 0 0
43.4559 0 1.7994 0 0 0.031664 0 0 0.0690882 0 0 0 0 0
43.5559 0 1.79912 0 0 0.0317876 0 0 0.0692442 0 0 0 0 0
43.6559 0 1.79884 0 0 0.0319113 0 0 0.0694002 0 0 0 0 0
43.7559 0 1.79856 0 0 0.0320353 0 0 0.0695564 0 0 0 0 0
43.8559 0 1.79828 0 0 0.0321595 0 0 0.0697127 0 0 0 0 0
43.9559 0 1.798 0 0 0.032284 0 0 0.0698692 0 0 0 0 0
44.0559 0 1.79772 0 0 0.0324087 0 0 0.0700258 0 0 0 0 0
44.1559 0 1.79744 0 0 0.0325337 0 0 0.0701825 0 0 0 0 0
44.2559 0 1.79716 0 0 0.0326588 0 0 0.0703393 0 0 0 0 0
44.3559 0 1.79687 0 0 0.0327843 0 0 0.0704963 0 0 0 0 0
44.4559 0 1.79659 0 0 0.0329099 0 0 0.0706534 0 0 0 0 0
44.5559 0 1.79631 0 0 0.0330358 0 0 0.0708106 0 0 0 0 0
44.6559 0 1.79602 0 0 0.0331619 0 0 0.070968 0 0 0 0 0
44.7559 0 1.79574 0 0 0.0332883 0 0 0.0711255 0 0 0 0 0
44.8559 0 1.79545 0 0 0.0334149 0 0 0.0712831 0 0 0 0 0
44.9559 0 1.79517 0 0 0.0335418 0 0 0.0714409 0 0 0 0 0
45.0559 0 1.79488 0 0 0.0336688 0 0 0.0715988 0 0 0 0 0
45.1559 0 1.7946 0 0 0.0337961 0 0 0.0717568 0 0 0 0 0
45.2559 0 1.79431 0 0 0.0339237 0 0 0.071915 0 0 0 0 0
45.3559 0 1.79403 0 0 0.0340515 0 0 0.0720733 0 0 0 0 0
45.4559 0 1.79374 0 0 0.0341795 0 0 0.0722317 0 0 0 0 0
45.5559 0 1.79345 0 0 0.0343077 0 0 0.0723903 0 0 0 0 0
45.6559 0 1.79317 0 0 0.0344362 0 0 0.072549 0 0 0 0 0
45.7559 0 1.79288 0 0 0.0345649 0 0 0.0727078 0 0 0 0 0
45.8559 0 1.79259 0 0 0.0346939 0 0 0.0728668 0 0 0 0 0
45.9559 0 1.7923 0 0 0.0348231 0 0 0.0730259 0 0 0 0 0
46.0559 0 1.79201 0 0 0.0349525 0 0 0.0731851 0 0 0 0 0
46.1559 0 1.79172 0 0 0.0350822 0 0 0.0733445 0 0 0 0 0
46.2559 0 1.79143 0 0 0.035212 0 0 0.0735039 0 0 0 0 0
46.3559 0 1.79114 0 0 0.0353422 0 0 0.0736636 0 0 0 0 0
46.4559 0 1.79085 0 0 0.0354725 0 0 0.0738233 0 0 0 0 0
46.5559 0 1.79056 0 0 0.0356031 0 0 0.0739832 0 0 0 0 0
46.6559 0 1.79027 0 0 0.0357339 0 0 0.0741432 0 0 0 0 0
46.7559 0 1.78998 0 0 0.035865 0 0 0.0743034 0 0 0 0 0
46.8559 0 1.78969 0 0 0.0359963 0 0 0.0744637 0 0 0 0 0
46.9559 0 1.7894 0 0 0.0361278 0 0 0.0746241 0 0 0 0 0
47.0559 0 1.7891 0 0 0.0362596 0 0 0.0747847 0 0 0 0 0
47.1559 0 1.78881 0 0 0.0363915 0 0 0.0749454 0 0 0 0 0
47.2559 0 1.78852 0 0 0.0365238 0 0 0.0751062 0 0 0 0 0
47.3559 0 1.78822 0 0 0.0366562 0 0 0.0752672 0 0 0 0 0
47.4559 0 1.78793 0 0 0.0367889 0 0 0.0754283 0 0 0 0 0
47.5559 0 1.78764 0 0 0.0369218 0 0 0.0755895 0 0 0 0 0
47.6559 0 1.78734 0 0 0.0370549 0 0 0.0757509 0 0 0 0 0
47.7559 0 1.78705 0 0 0.0371883 0 0 0.0759124 0 0 0 0 0
47.8559 0 1.78675 0 0 0.0373219 0 0 0.076074 0 0 0 0 0
47.9559 0 1.78645 0 0 0.0374558 0 0 0.0762358 0 0 0 0 0
48.0559 0 1.78616 0 0 0.0375898 0 0 0.0763977 0 0 0 0 0
48.1559 0 1.78586 0 0 0.0377241 0 0 0.0765597 0 0 0 0 0
48.2559 0 1.78556 0 0 0.0378586 0 0 0.0767219 0 0 0 0 0
48.3559 0 1.78527 0 0 0.0379934 0 0 0.0768842 0 0 0 0 0
48.4559 0 1.78497 0 0 0.0381284 0 0 0.0770466 0 0 0 0 0
48.5559 0 1.78467 0 0 0.0382636 0 0 0.0772092 0 0 0 0 0
48.6559 0 1.78437 0 0 0.038399 0 0 0.0773719 0 0 0 0 0
48.7559 0 1.78407 0 0 0.0385347 0 0 0.0775348 0 0 0 0 0
48.8559 0 1.78378 0 0 0.0386706 0 0 0.0776978 0 0 0 0 0
48.9559 0 1.78348 0 0 0.0388067 0 0 0.0778609 0 0 0 0 0
49.0559 0 1.78318 0 0 0.0389431 0 0 0.0780242 0 0 0 0 0
49.1559 0 1.78288 0 0 0.0390797 0 0 0.0781875 0 0 0 0 0
49.2559 0 1.78258 0 0 0.0392165 0 0 0.0783511 0 0 0 0 0
49.3559 0 1.78227 0 0 0.0393535 0 0 0.0785147 0 0 0 0 0
49.4559 0 1.78197 0 0 0.0394908 0 0 0.0786785 0 0 0 0 0
49.5559 0 1.78167 0 0 0.0396283 0 0 0.0788425 0 0 0 0 0
49.6559 0 1.78137 0 0 0.039766 0 0 0.0790065 0 0 0 0 0
49.7559 0 1.78107 0 0 0.0399039 0 0 0.0791707 0 0 0 0 0
49.8559 0 1.78076 0 0 0.0400421 0 0 0.0793351 0 0 0 0 0
49.9559 0 1.78046 0 0 0.0401805 0 0 0.0794996 0 0 0 0 0
50.0559 0 1.78016 0 0 0.0403191 0 0 0.0796642 0 0 0 0 0
50.1559 0 1.77985 0 0 0.040458 0 0 0.0798289 0 0 0 0 0
50.2559 0 1.77955 0 0 0.0405971 0 0 0.0799938 0 0 0 0 0
50.3559 0 1.77925 0 0 0.0407364 0 0 0.0801588 0 0 0 0 0
50.4559 0 1.77894 0 0 0.0408759 0 0 0.080324 0 0 0 0 0
50.5559 0 1.77864 0 0 0.0410156 0 0 0.0804893 0 0 0 0 0
50.6559 0 1.77833 0 0 0.0411556 0 0 0.0806547 0 0 0 0 0
50.7559 0 1.77802 0 0 0.0412958 0 0 0.0808203 0 0 0 0 0
50.8559 0 1.77772 0 0 0.0414362 0 0 0.080986 0 0 0 0 0
50.9559 0 1.77741 0 0 0.0415769 0 0 0.0811518 0 0 0 0 0
51.0559 0 1.7771 0 0 0.0417178 0 0 0.0813178 0 0 0 0 0
51.1559 0 1.7768 0 0 0.0418589 0 0 0.0814839 0 0 0 0 0
51.2559 0 1.77649 0 0 0.0420002 0 0 0.0816502 0 0 0 0 0
51.3559 0 1.77618 0 0 0.0421417 0 0 0.0818165 0 0 0 0 0
51.4559 0 1.77587 0 0 0.0422835 0 0 0.0819831 0 0 0 0 0
51.5559 0 1.77556 0 0 0.0424255 0 0 0.0821497 0 0 0 0 0
51.6559 0 1.77525 0 0 0.0425677 0 0 0.0823165 0 0 0 0 0
51.7559 0 1.77494 0 0 0.0427101 0 0 0.0824835 0 0 0 0 0
51.8559 0 1.77463 0 0 0.0428528 0 0 0.0826505 0 0 0 0 0
51.9559 0 1.77432 0 0 0.0429957 0 0 0.0828177 0 0 0 0 0
52.0559 0 1.77401 0 0 0.0431387 0 0 0.0829851 0 0 0 0 0
52.1559 0 1.7737 0 0 0.0432821 0 0 0.0831526 0 0 0 0 0
52.2559 0 1.77339 0 0 0.0434256 0 0 0.0833202 0 0 0 0 0
52.3559 0 1.77308 0 0 0.0435694 0 0 0.0834879 0 0 0 0 0
52.4559 0 1.77277 0 0 0.0437134 0 0 0.0836558 0 0 0 0 0
52.5559 0 1.77245 0 0 0.0438576 0 0 0.0838239 0 0 0 0 0
52.6559 0 1.77214 0 0 0.044002 0 0 0.083992 0 0 0 0 0
52.7559 0 1.77183 0 0 0.0441466 0 0 0.0841604 0 0 0 0 0
52.8559 0 1.77152 0 0 0.0442915 0 0 0.0843288 0 0 0 0 0
52.9559 0 1.7712 0 0 0.0444366 0 0 0.0844974 0 0 0 0 0
53.0559 0 1.77089 0 0 0.0445819 0 0 0.0846661 0 0 0 0 0
53.1559 0 1.77057 0 0 0.0447274 0 0 0.084835 0 0 0 0 0
53.2559 0 1.77026 0 0 0.0448731 0 0 0.085004 0 0 0 0 0
53.3559 0 1.76994 0 0 0.0450191 0 0 0.0851731 0 0 0 0 0
53.4559 0 1.76963 0 0 0.0451652 0 0 0.0853424 0 0 0 0 0
53.5559 0 1.76931 0 0 0.0453116 0 0 0.0855118 0 0 0 0 0
53.6559 0 1.76899 0 0 0.0454582 0 0 0.0856813 0 0 0 0 0
53.7559 0 1.76868 0 0 0.0456051 0 0 0.085851 0 0 0 0 0
53.8559 0 1.76836 0 0 0.0457521 0 0 0.0860208 0 0 0 0 0
53.9559 0 1.76804 0 0 0.0458994 0 0 0.0861908 0 0 0 0 0
54.0559 0 1.76773 0 0 0.0460469 0 0 0.0863609 0 0 0 0 0
54.1559 0 1.76741 0 0 0.0461946 0 0 0.0865311 0 0 0 0 0
54.2559 0 1.76709 0 0 0.0463425 0 0 0.0867015 0 0 0 0 0
54.3559 0 1.76677 0 0 0.0464906 0 0 0.086872 0 0 0 0 0
54.4559 0 1.76645 0 0 0.0466389 0 0 0.0870426 0 0 0 0 0
54.5559 0 1.76613 0 0 0.0467875 0 0 0.0872134 0 0 0 0 0
54.6559 0 1.76581 0 0 0.0469363 0 0 0.0873844 0 0 0 0 0
54.7559 0 1.76549 0 0 0.0470853 0 0 0.0875554 0 0 0 0 0
54.8559 0 1.76517 0 0 0.0472345 0 0 0.0877266 0 0 0 0 0
54.9559 0 1.76485 0 0 0.0473839 0 0 0.087898 0 0 0 0 0
55.0559 0 1.76453 0 0 0.0475335 0 0 0.0880695 0 0 0 0 0
55.1559 0 1.76421 0 0 0.0476834 0 0 0.0882411 0 0 0 0 0
55.2559 0 1.76388 0 0 0.0478334 0 0 0.0884128 0 0 0 0 0
55.3559 0 1.76356 0 0 0.0479837 0 0 0.0885847 0 0 0 0 0
55.4559 0 1.76324 0 0 0.0481342 0 0 0.0887568 0 0 0 0 0
55.5559 0 1.76292 0 0 0.0482849 0 0 0.0889289 0 0 0 0 0
55.6559 0 1.76259 0 0 0.0484358 0 0 0.0891012 0 0 0 0 0
55.7559 0 1.76227 0 0 0.048587 0 0 0.0892737 0 0 0 0 0
55.8559 0 1.76194 0 0 0.0487383 0 0 0.0894463 0 0 0 0 0
55.9559 0 1.76162 0 0 0.0488898 0 0 0.089619 0 0 0 0 0
56.0559 0 1.76129 0 0 0.0490416 0 0 0.0897919 0 0 0 0 0
56.1559 0 1.76097 0 0 0.0491936 0 0 0.0899649 0 0 0 0 0
56.2559 0 1.76064 0 0 0.0493458 0 0 0.090138 0 0 0 0 0
56.3559 0 1.76032 0 0 0.0494982 0 0 0.0903113 0 0 0 0 0
56.4559 0 1.75999 0 0 0.0496508 0 0 0.0904847 0 0 0 0 0
56.5559 0 1.75967 0 0 0.0498036 0 0 0.0906583 0 0 0 0 0
56.6559 0 1.75934 0 0 0.0499566 0 0 0.090832 0 0 0 0 0
56.7559 0 1.75901 0 0 0.0501099 0 0 0.0910058 0 0 0 0 0
56.8559 0 1.75868 0 0 0.0502633 0 0 0.0911798 0 0 0 0 0
56.9559 0 1.75836 0 0 0.050417 0 0 0.0913539 0 0 0 0 0
57.0559 0 1.75803 0 0 0.0505709 0 0 0.0915282 0 0 0 0 0
57.1559 0 1.7577 0 0 0.050725 0 0 0.0917026 0 0 0 0 0
57.2559 0 1.75737 0 0 0.0508793 0 0 0.0918771 0 0 0 0 0
57.3559 0 1.75704 0 0 0.0510338 0 0 0.0920518 0 0 0 0 0
57.4559 0 1.75671 0 0 0.0511885 0 0 0.0922266 0 0 0 0 0
57.5559 0 1.75638 0 0 0.0513434 0 0 0.0924015 0 0 0 0 0
57.6559 0 1.75605 0 0 0.0514985 0 0 0.0925766 0 0 0 0 0
57.7559 0 1.75572 0 0 0.0516538 0 0 0.0927519 0 0 0 0 0
57.8559 0 1.75539 0 0 0.0518094 0 0 0.0929272 0 0 0 0 0
57.9559 0 1.75506 0 0 0.0519651 0 0 0.0931027 0 0 0 0 0
58.0559 0 1.75472 0 0 0.0521211 0 0 0.0932784 0 0 0 0 0
58.1559 0 1.75439 0 0 0.0522773 0 0 0.0934542 0 0 0 0 0
58.2559 0 1.75406 0 0 0.0524336 0 0 0.0936301 0 0 0 0 0
58.3559 0 1.75373 0 0 0.0525902 0 0 0.0938062 0 0 0 0 0
58.4559 0 1.75339 0 0 0.052747 0 0 0.0939824 0 0 0 0 0
58.5559 0 1.75306 0 0 0.052904 0 0 0.0941587 0 0 0 0 0
58.6559 0 1.75273 0 0 0.0530612 0 0 0.0943352 0 0 0 0 0
58.7559 0 1.75239 0 0 0.0532186 0 0 0.0945118 0 0 0 0 0
58.8559 0 1.75206 0 0 0.0533762 0 0 0.0946886 0 0 0 0 0
58.9559 0 1.75172 0 0 0.053534 0 0 0.0948655 0 0 0 0 0
59.0559 0 1.75139 0 0 0.053692 0 0 0.0950425 0 0 0 0 0
59.1559 0 1.75105 0 0 0.0538502 0 0 0.0952197 0 0 0 0 0
59.2559 0 1.75072 0 0 0.0540087 0 0 0.095397 0 0 0 0 0
59.3559 0 1.75038 0 0 0.0541673 0 0 0.0955745 0 0 0 0 0
59.4559 0 1.75004 0 0 0.0543261 0 0 0.0957521 0 0 0 0 0
59.5559 0 1.74971 0 0 0.0544852 0 0 0.0959298 0 0 0 0 0
59.6559 0 1.74937 0 0 0.0546444 0 0 0.0961077 0 0 0 0 0
59.7559 0 1.74903 0 0 0.0548038 0 0 0.0962857 0 0 0 0 0
59.8559 0 1.74869 0 0 0.0549635 0 0 0.0964639 0 0 0 0 0
59.9559 0 1.74835 0 0 0.0551233 0 0 0.0966422 0 0 0 0 0
60.0559 0 1.74802 0 0 0.0552834 0 0 0.0968206 0 0 0 0 0
60.1559 0 1.74768 0 0 0.0554437 0 0 0.0969992 0 0 0 0 0
60.2559 0 1.74734 0 0 0.0556041 0 0 0.0971779 0 0 0 0 0
60.3559 0 1.747 0 0 0.0557648 0 0 0.0973568 0 0 0 0 0
60.4559 0 1.74666 0 0 0.0559256 0 0 0.0975357 0 0 0 0 0
60.5559 0 1.74632 0 0 0.0560867 0 0 0.0977149 0 0 0 0 0
60.6559 0 1.74598 0 0 0.056248 0 0 0.0978942 0 0 0 0 0
60.7559 0 1.74563 0 0 0.0564094 0 0 0.0980736 0 0 0 0 0
60.8559 0 1.74529 0 0 0.0565711 0 0 0.0982531 0 0 0 0 0
60.9559 0 1.74495 0 0 0.0567329 0 0 0.0984328 0 0 0 0 0
61.0559 0 1.74461 0 0 0.056895 0 0 0.0986127 0 0 0 0 0
61.1559 0 1.74427 0 0 0.0570573 0 0 0.0987926 0 0 0 0 0
61.2559 0 1.74392 0 0 0.0572197 0 0 0.0989727 0 0 0 0 0
61.3559 0 1.74358 0 0 0.0573824 0 0 0.099153 0 0 0 0 0
61.4559 0 1.74324 0 0 0.0575453 0 0 0.0993334 0 0 0 0 0
61.5559 0 1.74289 0 0 0.0577083 0 0 0.0995139 0 0 0 0 0
61.6559 0 1.74255 0 0 0.0578716 0 0 0.0996946 0 0 0 0 0
61.7559 0 1.74221 0 0 0.0580351 0 0 0.0998754 0 0 0 0 0
61.8559 0 1.74186 0 0 0.0581987 0 0 0.100056 0 0 0 0 0
61.9559 0 1.74152 0 0 0.0583626 0 0 0.100237 0 0 0 0 0
62.0559 0 1.74117 0 0 0.0585266 0 0 0.100419 0 0 0 0 0
62.1559 0 1.74082 0 0 0.0586909 0 0 0.1006 0 0 0 0 0
62.2559 0 1.74048 0 0 0.0588553 0 0 0.100782 0 0 0 0 0
62.3559 0 1.74013 0 0 0.05902 0 0 0.100963 0 0 0 0 0
62.4559 0 1.73978 0 0 0.0591848 0 0 0.101145 0 0 0 0 0
62.5559 0 1.73944 0 0 0.0593499 0 0 0.101327 0 0 0 0 0
62.6559 0 1.73909 0 0 0.0595151 0 0 0.101509 0 0 0 0 0
62.7559 0 1.73874 0 0 0.0596805 0 0 0.101691 0 0 0 0 0
62.8559 0 1.73839 0 0 0.0598462 0 0 0.101874 0 0 0 0 0
62.9559 0 1.73805 0 0 0.060012 0 0 0.102056 0 0 0 0 0
63.0559 0 1.7377 0 0 0.060178 0 0 0.102239 0 0 0 0 0
63.1559 0 1.73735 0 0 0.0603442 0 0 0.102421 0 0 0 0 0
63.2559 0 1.737 0 0 0.0605106 0 0 0.102604 0 0 0 0 0
63.3559 0 1.73665 0 0 0.0606772 0 0 0.102787 0 0 0 0 0
63.4559 0 1.7363 0 0 0.060844 0 0 0.102971 0 0 0 0 0
63.5559 0 1.73595 0 0 0.061011 0 0 0.103154 0 0 0 0 0
63.6559 0 1.7356 0 0 0.0611782 0 0 0.103337 0 0 0 0 0
63.7559 0 1.73524 0 0 0.0613456 0 0 0.103521 0 0 0 0 0
63.8559 0 1.73489 0 0 0.0615132 0 0 0.103705 0 0 0 0 0
63.9559 0 1.73454 0 0 0.061681 0 0 0.103889 0 0 0 0 0
64.0559 0 1.73419 0 0 0.0618489 0 0 0.104073 0 0 0 0 0
64.1559 0 1.73384 0 0 0.0620171 0 0 0.104257 0 0 0 0 0
64.2559 0 1.73348 0 0 0.0621854 0 0 0.104441 0 0 0 0 0
64.3559 0 1.73313 0 0 0.062354 0 0 0.104626 0 0 0 0 0
64.4559 0 1.73278 0 0 0.0625227 0 0 0.10481 0 0 0 0 0
64.5559 0 1.73242 0 0 0.0626916 0 0 0.104995 0 0 0 0 0
64.6559 0 1.73207 0 0 0.0628608 0 0 0.10518 0 0 0 0 0
64.7559 0 1.73171 0 0 0.0630301 0 0 0.105365 0 0 0 0 0
64.8559 0 1.73136 0 0 0.0631996 0 0 0.10555 0 0 0 0 0
64.9559 0 1.731 0 0 0.0633693 0 0 0.105735 0 0 0 0 0
65.0559 0 1.73065 0 0 0.0635392 0 0 0.105921 0 0 0 0 0
65.1559 0 1.73029 0 0 0.0637092 0 0 0.106106 0 0 0 0 0
65.2559 0 1.72994 0 0 0.0638795 0 0 0.106292 0 0 0 0 0
65.3559 0 1.72958 0 0 0.06405 0 0 0.106478 0 0 0 0 0
65.4559 0 1.72922 0 0 0.0642206 0 0 0.106664 0 0 0 0 0
65.5559 0 1.72887 0 0 0.0643914 0 0 0.10685 0 0 0 0 0
65.6559 0 1.72851 0 0 0.0645625 0 0 0.107036 0 0 0 0 0
65.7559 0 1.72815 0 0 0.0647337 0 0 0.107223 0 0 0 0 0
65.8559 0 1.72779 0 0 0.0649051 0 0 0.107409 0 0 0 0 0
65.9559 0 1.72743 0 0 0.0650767 0 0 0.107596 0 0 0 0 0
66.0559 0 1.72708 0 0 0.0652485 0 0 0.107783 0 0 0 0 0
66.1559 0 1.72672 0 0 0.0654205 0 0 0.10797 0 0 0 0 0
66.2559 0 1.72636 0 0 0.0655926 0 0 0.108157 0 0 0 0 0
66.3559 0 1.726 0 0 0.065765 0 0 0.108344 0 0 0 0 0
66.4559 0 1.72564 0 0 0.0659375 0 0 0.108532 0 0 0 0 0
66.5559 0 1.72528 0 0 0.0661102 0 0 0.108719 0 0 0 0 0
66.6559 0 1.72492 0 0 0.0662832 0 0 0.108907 0 0 0 0 0
66.7559 0 1.72455 0 0 0.0664563 0 0 0.109095 0 0 0 0 0
66.8559 0 1.72419 0 0 0.0666295 0 0 0.109282 0 0 0 0 0
66.9559 0 1.72383 0 0 0.066803 0 0 0.109471 0 0 0 0 0
67.0559 0 1.72347 0 0 0.0669767 0 0 0.109659 0 0 0 0 0
67.1559 0 1.72311 0 0 0.0671505 0 0 0.109847 0 0 0 0 0
67.2559 0 1.72274 0 0 0.0673246 0 0 0.110036 0 0 0 0 0
67.3559 0 1.72238 0 0 0.0674988 0 0 0.110224 0 0 0 0 0
67.4559 0 1.72202 0 0 0.0676732 0 0 0.110413 0 0 0 0 0
67.5559 0 1.72165 0 0 0.0678478 0 0 0.110602 0 0 0 0 0
67.6559 0 1.72129 0 0 0.0680226 0 0 0.110791 0 0 0 0 0
67.7559 0 1.72093 0 0 0.0681976 0 0 0.11098 0 0 0 0 0
67.8559 0 1.72056 0 0 0.0683727 0 0 0.11117 0 0 0 0 0
67.9559 0 1.7202 0 0 0.068548 0 0 0.111359 0 0 0 0 0
68.0559 0 1.71983 0 0 0.0687236 0 0 0.111549 0 0 0 0 0
68.1559 0 1.71946 0 0 0.0688993 0 0 0.111739 0 0 0 0 0
68.2559 0 1.7191 0 0 0.0690752 0 0 0.111929 0 0 0 0 0
68.3559 0 1.71873 0 0 0.0692512 0 0 0.112119 0 0 0 0 0
68.4559 0 1.71837 0 0 0.0694275 0 0 0.112309 0 0 0 0 0
68.5559 0 1.718 0 0 0.0696039 0 0 0.112499 0 0 0 0 0
68.6559 0 1.71763 0 0 0.0697806 0 0 0.11269 0 0 0 0 0
68.7559 0 1.71726 0 0 0.0699574 0 0 0.11288 0 0 0 0 0
68.8559 0 1.7169 0 0 0.0701344 0 0 0.113071 0 0 0 0 0
68.9559 0 1.71653 0 0 0.0703116 0 0 0.113262 0 0 0 0 0
69.0559 0 1.71616 0 0 0.0704889 0 0 0.113453 0 0 0 0 0
69.1559 0 1.71579 0 0 0.0706665 0 0 0.113644 0 0 0 0 0
69.2559 0 1.71542 0 0 0.0708442 0 0 0.113835 0 0 0 0 0
69.3559 0 1.71505 0 0 0.0710221 0 0 0.114027 0 0 0 0 0
69.4559 0 1.71468 0 0 0.0712002 0 0 0.114218 0 0 0 0 0
69.5559 0 1.71431 0 0 0.0713785 0 0 0.11441 0 0 0 0 0
69.6559 0 1.71394 0 0 0.0715569 0 0 0.114602 0 0 0 0 0
69.7559 0 1.71357 0 0 0.0717355 0 0 0.114794 0 0 0 0 0
69.8559 0 1.7132 0 0 0.0719144 0 0 0.114986 0 0 0 0 0
69.9559 0 1.71283 0 0 0.0720934 0 0 0.115178 0 0 0 0 0
70.0559 0 1.71246 0 0 0.0722725 0 0 0.115371 0 0 0 0 0
70.1559 0 1.71208 0 0 0.0724519 0 0 0.115563 0 0 0 0 0
70.2559 0 1.71171 0 0 0.0726314 0 0 0.115756 0 0 0 0 0
70.3559 0 1.71134 0 0 0.0728112 0 0 0.115949 0 0 0 0 0
70.4559 0 1.71097 0 0 0.0729911 0 0 0.116142 0 0 0 0 0
70.5559 0 1.71059 0 0 0.0731711 0 0 0.116335 0 0 0 0 0
70.6559 0 1.71022 0 0 0.0733514 0 0 0.116528 0 0 0 0 0
70.7559 0 1.70984 0 0 0.0735318 0 0 0.116722 0 0 0 0 0
70.8559 0 1.70947 0 0 0.0737125 0 0 0.116915 0 0 0 0 0
70.9559 0 1.7091 0 0 0.0738933 0 0 0.117109 0 0 0 0 0
71.0559 0 1.70872 0 0 0.0740742 0 0 0.117303 0 0 0 0 0
71.1559 0 1.70834 0 0 0.0742554 0 0 0.117497 0 0 0 0 0
71.2559 0 1.70797 0 0 0.0744367 0 0 0.117691 0 0 0 0 0
71.3559 0 1.70759 0 0 0.0746182 0 0 0.117885 0 0 0 0 0
71.4559 0 1.70722 0 0 0.0747999 0 0 0.11808 0 0 0 0 0
71.5559 0 1.70684 0 0 0.0749818 0 0 0.118274 0 0 0 0 0
71.6559 0 1.70646 0 0 0.0751639 0 0 0.118469 0 0 0 0 0
71.7559 0 1.70609 0 0 0.0753461 0 0 0.118663 0 0 0 0 0
71.8559 0 1.70571 0 0 0.0755285 0 0 0.118858 0 0 0 0 0
71.9559 0 1.70533 0 0 0.0757111 0 0 0.119054 0 0 0 0 0
72.0559 0 1.70495 0 0 0.0758938 0 0 0.119249 0 0 0 0 0
72.1559 0 1.70457 0 0 0.0760768 0 0 0.119444 0 0 0 0 0
72.2559 0 1.7042 0 0 0.0762599 0 0 0.11964 0 0 0 0 0
72.3559 0 1.70382 0 0 0.0764432 0 0 0.119835 0 0 0 0 0
72.4559 0 1.70344 0 0 0.0766266 0 0 0.120031 0 0 0 0 0
72.5559 0 1.70306 0 0 0.0768103 0 0 0.120227 0 0 0 0 0
72.6559 0 1.70268 0 0 0.0769941 0 0 0.120423 0 0 0 0 0
72.7559 0 1.7023 0 0 0.0771781 0 0 0.120619 0 0 0 0 0
72.8559 0 1.70192 0 0 0.0773623 0 0 0.120816 0 0 0 0 0
72.9559 0 1.70154 0 0 0.0775466 0 0 0.121012 0 0 0 0 0
73.0559 0 1.70115 0 0 0.0777311 0 0 0.121209 0 0 0 0 0
73.1559 0 1.70077 0 0 0.0779158 0 0 0.121405 0 0 0 0 0
73.2559 0 1.70039 0 0 0.0781007 0 0 0.121602 0 0 0 0 0
73.3559 0 1.70001 0 0 0.0782857 0 0 0.121799 0 0 0 0 0
73.4559 0 1.69963 0 0 0.078471 0 0 0.121996 0 0 0 0 0
73.5559 0 1.69924 0 0 0.0786564 0 0 0.122194 0 0 0 0 0
73.6559 0 1.69886 0 0 0.0788419 0 0 0.122391 0 0 0 0 0
73.7559 0 1.69848 0 0 0.0790277 0 0 0.122589 0 0 0 0 0
73.8559 0 1.69809 0 0 0.0792136 0 0 0.122787 0 0 0 0 0
73.9559 0 1.69771 0 0 0.0793997 0 0 0.122984 0 0 0 0 0
74.0559 0 1.69732 0 0 0.0795859 0 0 0.123182 0 0 0 0 0
74.1559 0 1.69694 0 0 0.0797724 0 0 0.123381 0 0 0 0 0
74.2559 0 1.69655 0 0 0.079959 0 0 0.123579 0 0 0 0 0
74.3559 0 1.69617 0 0 0.0801458 0 0 0.123777 0 0 0 0 0
74.4559 0 1.69578 0 0 0.0803327 0 0 0.123976 0 0 0 0 0
74.5559 0 1.6954 0 0 0.0805199 0 0 0.124175 0 0 0 0 0
74.6559 0 1.69501 0 0 0.0807072 0 0 0.124373 0 0 0 0 0
74.7559 0 1.69462 0 0 0.0808947 0 0 0.124572 0 0 0 0 0
74.8559 0 1.69424 0 0 0.0810823 0 0 0.124771 0 0 0 0 0
74.9559 0 1.69385 0 0 0.0812701 0 0 0.124971 0 0 0 0 0
75.0559 0 1.69346 0 0 0.0814581 0 0 0.12517 0 0 0 0 0
75.1559 0 1.69307 0 0 0.0816463 0 0 0.12537 0 0 0 0 0
75.2559 0 1.69269 0 0 0.0818346 0 0 0.125569 0 0 0 0 0
75.3559 0 1.6923 0 0 0.0820231 0 0 0.125769 0 0 0 0 0
75.4559 0 1.69191 0 0 0.0822118 0 0 0.125969 0 0 0 0 0
75.5559 0 1.69152 0 0 0.0824007 0 0 0.126169 0 0 0 0 0
75.6559 0 1.69113 0 0 0.0825897 0 0 0.126369 0 0 0 0 0
75.7559 0 1.69074 0 0 0.0827789 0 0 0.12657 0 0 0 0 0
75.8559 0 1.69035 0 0 0.0829683 0 0 0.12677 0 0 0 0 0
75.9559 0 1.68996 0 0 0.0831578 0 0 0.126971 0 0 0 0 0
76.0559 0 1.68957 0 0 0.0833475 0 0 0.127172 0 0 0 0 0
76.1559 0 1.68918 0 0 0.0835374 0 0 0.127373 0 0 0 0 0
76.2559 0 1.68879 0 0 0.0837274 0 0 0.127574 0 0 0 0 0
76.3559 0 1.6884 0 0 0.0839177 0 0 0.127775 0 0 0 0 0
76.4559 0 1.688 0 0 0.084108 0 0 0.127976 0 0 0 0 0
76.5559 0 1.68761 0 0 0.0842986 0 0 0.128178 0 0 0 0 0
76.6559 0 1.68722 0 0 0.0844893 0 0 0.128379 0 0 0 0 0
76.7559 0 1.68683 0 0 0.0846802 0 0 0.128581 0 0 0 0 0
76.8559 0 1.68643 0 0 0.0848713 0 0 0.128783 0 0 0 0 0
76.9559 0 1.68604 0 0 0.0850625 0 0 0.128985 0 0 0 0 0
77.0559 0 1.68565 0 0 0.0852539 0 0 0.129187 0 0 0 0 0
77.1559 0 1.68525 0 0 0.0854455 0 0 0.12939 0 0 0 0 0
77.2559 0 1.68486 0 0 0.0856373 0 0 0.129592 0 0 0 0 0
77.3559 0 1.68446 0 0 0.0858292 0 0 0.129795 0 0 0 0 0
77.4559 0 1.68407 0 0 0.0860212 0 0 0.129997 0 0 0 0 0
77.5559 0 1.68367 0 0 0.0862135 0 0 0.1302 0 0 0 0 0
77.6559 0 1.68328 0 0 0.0864059 0 0 0.130403 0 0 0 0 0
77.7559 0 1.68288 0 0 0.0865985 0 0 0.130606 0 0 0 0 0
77.8559 0 1.68249 0 0 0.0867912 0 0 0.13081 0 0 0 0 0
77.9559 0 1.68209 0 0 0.0869842 0 0 0.131013 0 0 0 0 0
78.0559 0 1.68169 0 0 0.0871772 0 0 0.131217 0 0 0 0 0
78.1559 0 1.6813 0 0 0.0873705 0 0 0.13142 0 0 0 0 0
78.2559 0 1.6809 0 0 0.0875639 0 0 0.131624 0 0 0 0 0
78.3559 0 1.6805 0 0 0.0877575 0 0 0.131828 0 0 0 0 0
78.4559 0 1.6801 0 0 0.0879513 0 0 0.132032 0 0 0 0 0
78.5559 0 1.6797 0 0 0.0881452 0 0 0.132236 0 0 0 0 0
78.6559 0 1.67931 0 0 0.0883393 0 0 0.132441 0 0 0 0 0
78.7559 0 1.67891 0 0 0.0885335 0 0 0.132645 0 0 0 0 0
78.8559 0 1.67851 0 0 0.0887279 0 0 0.13285 0 0 0 0 0
78.9559 0 1.67811 0 0 0.0889225 0 0 0.133055 0 0 0 0 0
79.0559 0 1.67771 0 0 0.0891173 0 0 0.13326 0 0 0 0 0
79.1559 0 1.67731 0 0 0.0893122 0 0 0.133465 0 0 0 0 0
79.2559 0 1.67691 0 0 0.0895073 0 0 0.13367 0 0 0 0 0
79.3559 0 1.67651 0 0 0.0897025 0 0 0.133875 0 0 0 0 0
79.4559 0 1.67611 0 0 0.0898979 0 0 0.134081 0 0 0 0 0
79.5559 0 1.6757 0 0 0.0900935 0 0 0.134286 0 0 0 0 0
79.6559 0 1.6753 0 0 0.0902893 0 0 0.134492 0 0 0 0 0
79.7559 0 1.6749 0 0 0.0904852 0 0 0.134698 0 0 0 0 0
79.8559 0 1.6745 0 0 0.0906813 0 0 0.134904 0 0 0 0 0
79.9559 0 1.6741 0 0 0.0908775 0 0 0.13511 0 0 0 0 0
80.0559 0 1.67369 0 0 0.0910739 0 0 0.135317 0 0 0 0 0
80.1559 0 1.67329 0 0 0.0912705 0 0 0.135523 0 0 0 0 0
80.2559 0 1.67289 0 0 0.0914672 0 0 0.13573 0 0 0 0 0
80.3559 0 1.67248 0 0 0.0916641 0 0 0.135936 0 0 0 0 0
80.4559 0 1.67208 0 0 0.0918612 0 0 0.136143 0 0 0 0 0
80.5559 0 1.67167 0 0 0.0920584 0 0 0.13635 0 0 0 0 0
80.6559 0 1.67127 0 0 0.0922558 0 0 0.136557 0 0 0 0 0
80.7559 0 1.67086 0 0 0.0924533 0 0 0.136765 0 0 0 0 0
80.8559 0 1.67046 0 0 0.0926511 0 0 0.136972 0 0 0 0 0
80.9559 0 1.67005 0 0 0.0928489 0 0 0.13718 0 0 0 0 0
81.0559 0 1.66965 0 0 0.093047 0 0 0.137387 0 0 0 0 0
81.1559 0 1.66924 0 0 0.0932452 0 0 0.137595 0 0 0 0 0
81.2559 0 1.66884 0 0 0.0934436 0 0 0.137803 0 0 0 0 0
81.3559 0 1.66843 0 0 0.0936421 0 0 0.138011 0 0 0 0 0
81.4559 0 1.66802 0 0 0.0938408 0 0 0.138219 0 0 0 0 0
81.5559 0 1.66761 0 0 0.0940396 0 0 0.138428 0 0 0 0 0
81.6559 0 1.66721 0 0 0.0942387 0 0 0.138636 0 0 0 0 0
81.7559 0 1.6668 0 0 0.0944378 0 0 0.138845 0 0 0 0 0
81.8559 0 1.66639 0 0 0.0946372 0 0 0.139054 0 0 0 0 0
81.9559 0 1.66598 0 0 0.0948367 0 0 0.139263 0 0 0 0 0
82.0559 0 1.66557 0 0 0.0950364 0 0 0.139472 0 0 0 0 0
82.1559 0 1.66516 0 0 0.0952362 0 0 0.139681 0 0 0 0 0
82.2559 0 1.66475 0 0 0.0954362 0 0 0.13989 0 0 0 0 0
82.3559 0 1.66434 0 0 0.0956364 0 0 0.1401 0 0 0 0 0
82.4559 0 1.66393 0 0 0.0958367 0 0 0.140309 0 0 0 0 0
82.5559 0 1.66352 0 0 0.0960371 0 0 0.140519 0 0 0 0 0
82.6559 0 1.66311 0 0 0.0962378 0 0 0.140729 0 0 0 0 0
82.7559 0 1.6627 0 0 0.0964386 0 0 0.140939 0 0 0 0 0
82.8559 0 1.66229 0 0 0.0966395 0 0 0.141149 0 0 0 0 0
82.9559 0 1.66188 0 0 0.0968407 0 0 0.141359 0 0 0 0 0
83.0559 0 1.66147 0 0 0.097042 0 0 0.14157 0 0 0 0 0
83.1559 0 1.66106 0 0 0.0972434 0 0 0.14178 0 0 0 0 0
83.2559 0 1.66064 0 0 0.097445 0 0 0.141991 0 0 0 0 0
83.3559 0 1.66023 0 0 0.0976468 0 0 0.142202 0 0 0 0 0
83.4559 0 1.65982 0 0 0.0978487 0 0 0.142413 0 0 0 0 0
83.5559 0 1.6594 0 0 0.0980508 0 0 0.142624 0 0 0 0 0
83.6559 0 1.65899 0 0 0.098253 0 0 0.142835 0 0 0 0 0
83.7559 0 1.65858 0 0 0.0984554 0 0 0.143047 0 0 0 0 0
83.8559 0 1.65816 0 0 0.098658 0 0 0.143258 0 0 0 0 0
83.9559 0 1.65775 0 0 0.0988607 0 0 0.14347 0 0 0 0 0
84.0559 0 1.65733 0 0 0.0990636 0 0 0.143682 0 0 0 0 0
84.1559 0 1.65692 0 0 0.0992666 0 0 0.143894 0 0 0 0 0
84.2559 0 1.6565 0 0 0.0994698 0 0 0.144106 0 0 0 0 0
84.3559 0 1.65609 0 0 0.0996732 0 0 0.144318 0 0 0 0 0
84.4559 0 1.65567 0 0 0.0998767 0 0 0.14453 0 0 0 0 0
84.5559 0 1.65525 0 0 0.10008 0 0 0.144743 0 0 0 0 0
84.6559 0 1.65484 0 0 0.100284 0 0 0.144955 0 0 0 0 0
84.7559 0 1.65442 0 0 0.100488 0 0 0.145168 0 0 0 0 0
84.8559 0 1.654 0 0 0.100692 0 0 0.145381 0 0 0 0 0
84.9559 0 1.65359 0 0 0.100897 0 0 0.145594 0 0 0 0 0
85.0559 0 1.65317 0 0 0.101101 0 0 0.145807 0 0 0 0 0
85.1559 0 1.65275 0 0 0.101306 0 0 0.14602 0 0 0 0 0
85.2559 0 1.65233 0 0 0.101511 0 0 0.146234 0 0 0 0 0
85.3559 0 1.65191 0 0 0.101716 0 0 0.146447 0 0 0 0 0
85.4559 0 1.65149 0 0 0.101921 0 0 0.146661 0 0 0 0 0
85.5559 0 1.65108 0 0 0.102126 0 0 0.146875 0 0 0 0 0
85.6559 0 1.65066 0 0 0.102331 0 0 0.147089 0 0 0 0 0
85.7559 0 1.65024 0 0 0.102537 0 0 0.147303 0 0 0 0 0
85.8559 0 1.64982 0 0 0.102743 0 0 0.147517 0 0 0 0 0
85.9559 0 1.6494 0 0 0.102949 0 0 0.147732 0 0 0 0 0
86.0559 0 1.64898 0 0 0.103155 0 0 0.147946 0 0 0 0 0
86.1559 0 1.64855 0 0 0.103361 0 0 0.148161 0 0 0 0 0
86.2559 0 1.64813 0 0 0.103567 0 0 0.148376 0 0 0 0 0
86.3559 0 1.64771 0 0 0.103774 0 0 0.148591 0 0 0 0 0
86.4559 0 1.64729 0 0 0.10398 0 0 0.148806 0 0 0 0 0
86.5559 0 1.64687 0 0 0.104187 0 0 0.149021 0 0 0 0 0
86.6559 0 1.64644 0 0 0.104394 0 0 0.149236 0 0 0 0 0
86.7559 0 1.64602 0 0 0.104601 0 0 0.149452 0 0 0 0 0
86.8559 0 1.6456 0 0 0.104809 0 0 0.149667 0 0 0 0 0
86.9559 0 1.64518 0 0 0.105016 0 0 0.149883 0 0 0 0 0
87.0559 0 1.64475 0 0 0.105224 0 0 0.150099 0 0 0 0 0
87.1559 0 1.64433 0 0 0.105432 0 0 0.150315 0 0 0 0 0
87.2559 0 1.6439 0 0 0.105639 0 0 0.150531 0 0 0 0 0
87.3559 0 1.64348 0 0 0.105848 0 0 0.150747 0 0 0 0 0
87.4559 0 1.64305 0 0 0.106056 0 0 0.150964 0 0 0 0 0
87.5559 0 1.64263 0 0 0.106264 0 0 0.15118 0 0 0 0 0
87.6559 0 1.6422 0 0 0.106473 0 0 0.151397 0 0 0 0 0
87.7559 0 1.64178 0 0 0.106681 0 0 0.151614 0 0 0 0 0
87.8559 0 1.64135 0 0 0.10689 0 0 0.151831 0 0 0 0 0
87.9559 0 1.64093 0 0 0.107099 0 0 0.152048 0 0 0 0 0
88.0559 0 1.6405 0 0 0.107308 0 0 0.152265 0 0 0 0 0
88.1559 0 1.64007 0 0 0.107518 0 0 0.152482 0 0 0 0 0
88.2559 0 1.63965 0 0 0.107727 0 0 0.1527 0 0 0 0 0
88.3559 0 1.63922 0 0 0.107937 0 0 0.152918 0 0 0 0 0
88.4559 0 1.63879 0 0 0.108147 0 0 0.153135 0 0 0 0 0
88.5559 0 1.63836 0 0 0.108357 0 0 0.153353 0 0 0 0 0
88.6559 0 1.63793 0 0 0.108567 0 0 0.153571 0 0 0 0 0
88.7559 0 1.63751 0 0 0.108777 0 0 0.15379 0 0 0 0 0
88.8559 0 1.63708 0 0 0.108987 0 0 0.154008 0 0 0 0 0
88.9559 0 1.63665 0 0 0.109198 0 0 0.154226 0 0 0 0 0
89.0559 0 1.63622 0 0 0.109409 0 0 0.154445 0 0 0 0 0
89.1559 0 1.63579 0 0 0.10962 0 0 0.154664 0 0 0 0 0
89.2559 0 1.63536 0 0 0.109831 0 0 0.154882 0 0 0 0 0
89.3559 0 1.63493 0 0 0.110042 0 0 0.155101 0 0 0 0 0
89.4559 0 1.6345 0 0 0.110253 0 0 0.155321 0 0 0 0 0
89.5559 0 1.63407 0 0 0.110465 0 0 0.15554 0 0 0 0 0
89.6559 0 1.63364 0 0 0.110676 0 0 0.155759 0 0 0 0 0
89.7559 0 1.6332 0 0 0.110888 0 0 0.155979 0 0 0 0 0
89.8559 0 1.63277 0 0 0.1111 0 0 0.156198 0 0 0 0 0
89.9559 0 1.63234 0 0 0.111312 0 0 0.156418 0 0 0 0 0
90.0559 0 1.63191 0 0 0.111524 0 0 0.156638 0 0 0 0 0
90.1559 0 1.63148 0 0 0.111737 0 0 0.156858 0 0 0 0 0
90.2559 0 1.63104 0 0 0.111949 0 0 0.157078 0 0 0 0 0
90.3559 0 1.63061 0 0 0.112162 0 0 0.157299 0 0 0 0 0
90.4559 0 1.63018 0 0 0.112375 0 0 0.157519 0 0 0 0 0
90.5559 0 1.62974 0 0 0.112588 0 0 0.15774 0 0 0 0 0
90.6559 0 1.62931 0 0 0.112801 0 0 0.157961 0 0 0 0 0
90.7559 0 1.62887 0 0 0.113015 0 0 0.158182 0 0 0 0 0
90.8559 0 1.62844 0 0 0.113228 0 0 0.158403 0 0 0 0 0
90.9559 0 1.628 0 0 0.113442 0 0 0.158624 0 0 0 0 0
91.0559 0 1.62757 0 0 0.113655 0 0 0.158845 0 0 0 0 0
91.1559 0 1.62713 0 0 0.113869 0 0 0.159066 0 0 0 0 0
91.2559 0 1.6267 0 0 0.114083 0 0 0.159288 0 0 0 0 0
91.3559 0 1.62626 0 0 0.114298 0 0 0.15951 0 0 0 0 0
91.4559 0 1.62583 0 0 0.114512 0 0 0.159731 0 0 0 0 0
91.5559 0 1.62539 0 0 0.114727 0 0 0.159953 0 0 0 0 0
91.6559 0 1.62495 0 0 0.114941 0 0 0.160176 0 0 0 0 0
91.7559 0 1.62451 0 0 0.115156 0 0 0.160398 0 0 0 0 0
91.8559 0 1.62408 0 0 0.115371 0 0 0.16062 0 0 0 0 0
91.9559 0 1.62364 0 0 0.115586 0 0 0.160843 0 0 0 0 0
92.0559 0 1.6232 0 0 0.115802 0 0 0.161065 0 0 0 0 0
92.1559 0 1.62276 0 0 0.116017 0 0 0.161288 0 0 0 0 0
92.2559 0 1.62232 0 0 0.116233 0 0 0.161511 0 0 0 0 0
92.3559 0 1.62189 0 0 0.116449 0 0 0.161734 0 0 0 0 0
92.4559 0 1.62145 0 0 0.116664 0 0 0.161957 0 0 0 0 0
92.5559 0 1.62101 0 0 0.11688 0 0 0.16218 0 0 0 0 0
92.6559 0 1.62057 0 0 0.117097 0 0 0.162404 0 0 0 0 0
92.7559 0 1.62013 0 0 0.117313 0 0 0.162627 0 0 0 0 0
92.8559 0 1.61969 0 0 0.11753 0 0 0.162851 0 0 0 0 0
92.9559 0 1.61925 0 0 0.117746 0 0 0.163075 0 0 0 0 0
93.0559 0 1.6188 0 0 0.117963 0 0 0.163299 0 0 0 0 0
93.1559 0 1.61836 0 0 0.11818 0 0 0.163523 0 0 0 0 0
93.2559 0 1.61792 0 0 0.118397 0 0 0.163747 0 0 0 0 0
93.3559 0 1.61748 0 0 0.118614 0 0 0.163972 0 0 0 0 0
93.4559 0 1.61704 0 0 0.118832 0 0 0.164196 0 0 0 0 0
93.5559 0 1.6166 0 0 0.119049 0 0 0.164421 0 0 0 0 0
93.6559 0 1.61615 0 0 0.119267 0 0 0.164646 0 0 0 0 0
93.7559 0 1.61571 0 0 0.119485 0 0 0.164871 0 0 0 0 0
93.8559 0 1.61527 0 0 0.119703 0 0 0.165096 0 0 0 0 0
93.9559 0 1.61482 0 0 0.119921 0 0 0.165321 0 0 0 0 0
94.0559 0 1.61438 0 0 0.12014 0 0 0.165546 0 0 0 0 0
94.1559 0 1.61394 0 0 0.120358 0 0 0.165772 0 0 0 0 0
94.2559 0 1.61349 0 0 0.120577 0 0 0.165997 0 0 0 0 0
94.3559 0 1.61305 0 0 0.120795 0 0 0.166223 0 0 0 0 0
94.4559 0 1.6126 0 0 0.121014 0 0 0.166449 0 0 0 0 0
94.5559 0 1.61216 0 0 0.121233 0 0 0.166675 0 0 0 0 0
94.6559 0 1.61171 0 0 0.121453 0 0 0.166901 0 0 0 0 0
94.7559 0 1.61126 0 0 0.121672 0 0 0.167127 0 0 0 0 0
94.8559 0 1.61082 0 0 0.121892 0 0 0.167354 0 0 0 0 0
94.9559 0 1.61037 0 0 0.122111 0 0 0.16758 0 0 0 0 0
95.0559 0 1.60993 0 0 0.122331 0 0 0.167807 0 0 0 0 0
95.1559 0 1.60948 0 0 0.122551 0 0 0.168033 0 0 0 0 0
95.2559 0 1.60903 0 0 0.122771 0 0 0.16826 0 0 0 0 0
95.3559 0 1.60858 0 0 0.122991 0 0 0.168487 0 0 0 0 0
95.4559 0 1.60814 0 0 0.123212 0 0 0.168715 0 0 0 0 0
95.5559 0 1.60769 0 0 0.123432 0 0 0.168942 0 0 0 0 0
95.6559 0 1.60724 0 0 0.123653 0 0 0.169169 0 0 0 0 0
95.7559 0 1.60679 0 0 0.123874 0 0 0.169397 0 0 0 0 0
95.8559 0 1.60634 0 0 0.124095 0 0 0.169625 0 0 0 0 0
95.9559 0 1.60589 0 0 0.124316 0 0 0.169853 0 0 0 0 0
96.0559 0 1.60544 0 0 0.124538 0 0 0.170081 0 0 0 0 0
96.1559 0 1.60499 0 0 0.124759 0 0 0.170309 0 0 0 0 0
96.2559 0 1.60454 0 0 0.124981 0 0 0.170537 0 0 0 0 0
96.3559 0 1.60409 0 0 0.125202 0 0 0.170765 0 0 0 0 0
96.4559 0 1.60364 0 0 0.125424 0 0 0.170994 0 0 0 0 0
96.5559 0 1.60319 0 0 0.125646 0 0 0.171223 0 0 0 0 0
96.6559 0 1.60274 0 0 0.125869 0 0 0.171452 0 0 0 0 0
96.7559 0 1.60229 0 0 0.126091 0 0 0.17168 0 0 0 0 0
96.8559 0 1.60184 0 0 0.126313 0 0 0.17191 0 0 0 0 0
96.9559 0 1.60139 0 0 0.126536 0 0 0.172139 0 0 0 0 0
97.0559 0 1.60093 0 0 0.126759 0 0 0.172368 0 0 0 0 0
97.1559 0 1.60048 0 0 0.126982 0 0 0.172598 0 0 0 0 0
97.2559 0 1.60003 0 0 0.127205 0 0 0.172827 0 0 0 0 0
97.3559 0 1.59957 0 0 0.127428 0 0 0.173057 0 0 0 0 0
97.4559 0 1.59912 0 0 0.127652 0 0 0.173287 0 0 0 0 0
97.5559 0 1.59867 0 0 0.127875 0 0 0.173517 0 0 0 0 0
97.6559 0 1.59821 0 0 0.128099 0 0 0.173747 0 0 0 0 0
97.7559 0 1.59776 0 0 0.128323 0 0 0.173977 0 0 0 0 0
97.8559 0 1.5973 0 0 0.128547 0 0 0.174208 0 0 0 0 0
97.9559 0 1.59685 0 0 0.128771 0 0 0.174438 0 0 0 0 0
98.0559 0 1.59639 0 0 0.128995 0 0 0.174669 0 0 0 0 0
98.1559 0 1.59594 0 0 0.129219 0 0 0.1749 0 0 0 0 0
98.2559 0 1.59548 0 0 0.129444 0 0 0.175131 0 0 0 0 0
98.3559 0 1.59503 0 0 0.129669 0 0 0.175362 0 0 0 0 0
98.4559 0 1.59457 0 0 0.129894 0 0 0.175593 0 0 0 0 0
98.5559 0 1.59411 0 0 0.130119 0 0 0.175824 0 0 0 0 0
98.6559 0 1.59366 0 0 0.130344 0 0 0.176056 0 0 0 0 0
98.7559 0 1.5932 0 0 0.130569 0 0 0.176287 0 0 0 0 0
98.8559 0 1.59274 0 0 0.130795 0 0 0.176519 0 0 0 0 0
98.9559 0 1.59229 0 0 0.13102 0 0 0.176751 0 0 0 0 0
99.0559 0 1.59183 0 0 0.131246 0 0 0.176983 0 0 0 0 0
99.1559 0 1.59137 0 0 0.131472 0 0 0.177215 0 0 0 0 0
99.2559 0 1.59091 0 0 0.131698 0 0 0.177447 0 0 0 0 0
99.3559 0 1.59045 0 0 0.131924 0 0 0.17768 0 0 0 0 0
99.4559 0 1.58999 0 0 0.13215 0 0 0.177912 0 0 0 0 0
99.5559 0 1.58953 0 0 0.132377 0 0 0.178145 0 0 0 0 0
99.6559 0 1.58907 0 0 0.132604 0 0 0.178378 0 0 0 0 0
99.7559 0 1.58861 0 0 0.13283 0 0 0.178611 0 0 0 0 0
99.8559 0 1.58815 0 0 0.133057 0 0 0.178844 0 0 0 0 0
99.9279 0 1.58782 0 0 0.133221 0 0 0.179012 0 0 0 0 0
100 0 1.58749 0 0 0.133385 0 0 0.17918 0 0 0 0 0
