  5.000000E-12    1.000000E-11    0.0000E+00    0.0000E+00    0.0000E+00    1.8569E-20    1.3927E-25      6.1897E-28
  1.000000E-11    1.047100E-11    1.1356E-19    9.6748E-11    9.6748E-11    9.5135E-20    9.7375E-25      4.3278E-27
  1.047100E-11    1.096500E-11    8.6225E-22    7.3459E-13    9.7483E-11    8.7013E-22    9.3261E-27      4.1449E-29
  1.096500E-11    1.148200E-11    9.0239E-22    7.6879E-13    9.8251E-11    9.1071E-22    1.0221E-26      4.5428E-29
  1.148200E-11    1.202300E-11    9.4429E-22    8.0448E-13    9.9056E-11    9.5305E-22    1.1201E-26      4.9781E-29
  1.202300E-11    1.258900E-11    9.8792E-22    8.4165E-13    9.9897E-11    9.9716E-22    1.2271E-26      5.4538E-29
  1.258900E-11    1.318300E-11    1.0368E-21    8.8329E-13    1.0078E-10    1.0466E-21    1.3486E-26      5.9938E-29
  1.318300E-11    1.380400E-11    1.0839E-21    9.2344E-13    1.0170E-10    1.0942E-21    1.4765E-26      6.5621E-29
  1.380400E-11    1.445400E-11    1.1345E-21    9.6656E-13    1.0267E-10    1.1454E-21    1.6183E-26      7.1926E-29
  1.445400E-11    1.513600E-11    1.1904E-21    1.0141E-12    1.0368E-10    1.2019E-21    1.7782E-26      7.9030E-29
  1.513600E-11    1.584900E-11    1.2445E-21    1.0602E-12    1.0475E-10    1.2566E-21    1.9468E-26      8.6524E-29
  1.584900E-11    1.659600E-11    1.3038E-21    1.1108E-12    1.0586E-10    1.3166E-21    2.1359E-26      9.4928E-29
  1.659600E-11    1.737800E-11    1.3649E-21    1.1628E-12    1.0702E-10    1.3784E-21    2.3415E-26      1.0407E-28
  1.737800E-11    1.819700E-11    1.4295E-21    1.2179E-12    1.0824E-10    1.4437E-21    2.5681E-26      1.1414E-28
  1.819700E-11    1.905500E-11    1.4976E-21    1.2759E-12    1.0951E-10    1.5126E-21    2.8174E-26      1.2522E-28
  1.905500E-11    1.995300E-11    1.5674E-21    1.3353E-12    1.1085E-10    1.5832E-21    3.0880E-26      1.3724E-28
  1.995300E-11    2.089300E-11    1.6407E-21    1.3978E-12    1.1225E-10    1.6574E-21    3.3849E-26      1.5044E-28
  2.089300E-11    2.187800E-11    1.7193E-21    1.4647E-12    1.1371E-10    1.7369E-21    3.7144E-26      1.6509E-28
  2.187800E-11    2.290900E-11    1.7996E-21    1.5331E-12    1.1524E-10    1.8182E-21    4.0715E-26      1.8095E-28
  2.290900E-11    2.398800E-11    1.8833E-21    1.6045E-12    1.1685E-10    1.9030E-21    4.4621E-26      1.9832E-28
  2.398800E-11    2.511900E-11    1.9741E-21    1.6818E-12    1.1853E-10    1.9948E-21    4.8980E-26      2.1769E-28
  2.511900E-11    2.630300E-11    2.0666E-21    1.7606E-12    1.2029E-10    2.0885E-21    5.3697E-26      2.3865E-28
  2.630300E-11    2.754200E-11    2.1626E-21    1.8424E-12    1.2213E-10    2.1857E-21    5.8843E-26      2.6153E-28
  2.754200E-11    2.884000E-11    2.2656E-21    1.9302E-12    1.2406E-10    2.2899E-21    6.4555E-26      2.8691E-28
  2.884000E-11    3.020000E-11    2.3738E-21    2.0223E-12    1.2609E-10    2.3995E-21    7.0833E-26      3.1481E-28
  3.020000E-11    3.162300E-11    2.4838E-21    2.1160E-12    1.2820E-10    2.5109E-21    7.7615E-26      3.4495E-28
  3.162300E-11    3.311300E-11    2.6007E-21    2.2157E-12    1.3042E-10    2.6293E-21    8.5105E-26      3.7825E-28
  3.311300E-11    3.467400E-11    2.7246E-21    2.3212E-12    1.3274E-10    2.7548E-21    9.3371E-26      4.1498E-28
  3.467400E-11    3.630800E-11    2.8521E-21    2.4298E-12    1.3517E-10    2.8839E-21    1.0235E-25      4.5490E-28
  3.630800E-11    3.801900E-11    2.9865E-21    2.5443E-12    1.3771E-10    3.0201E-21    1.1224E-25      4.9883E-28
  3.801900E-11    3.981100E-11    3.1278E-21    2.6647E-12    1.4038E-10    3.1633E-21    1.2310E-25      5.4711E-28
  3.981100E-11    4.168700E-11    3.2745E-21    2.7896E-12    1.4317E-10    3.3119E-21    1.3496E-25      5.9980E-28
  4.168700E-11    4.365200E-11    3.4298E-21    2.9220E-12    1.4609E-10    3.4693E-21    1.4803E-25      6.5792E-28
  4.365200E-11    4.570900E-11    3.5904E-21    3.0588E-12    1.4915E-10    3.6320E-21    1.6228E-25      7.2125E-28
  4.570900E-11    4.786300E-11    3.7597E-21    3.2030E-12    1.5235E-10    3.8036E-21    1.7796E-25      7.9092E-28
  4.786300E-11    5.011900E-11    3.9377E-21    3.3547E-12    1.5571E-10    3.9841E-21    1.9519E-25      8.6749E-28
  5.011900E-11    5.248100E-11    4.1227E-21    3.5123E-12    1.5922E-10    4.1717E-21    2.1401E-25      9.5114E-28
  5.248100E-11    5.495400E-11    4.3165E-21    3.6774E-12    1.6290E-10    4.3681E-21    2.3464E-25      1.0429E-27
  5.495400E-11    5.754400E-11    4.5207E-21    3.8514E-12    1.6675E-10    4.5752E-21    2.5735E-25      1.1438E-27
  5.754400E-11    6.025600E-11    4.7336E-21    4.0328E-12    1.7078E-10    4.7912E-21    2.8220E-25      1.2542E-27
  6.025600E-11    6.309600E-11    4.9571E-21    4.2231E-12    1.7500E-10    5.0177E-21    3.0947E-25      1.3754E-27
  6.309600E-11    6.606900E-11    5.1892E-21    4.4209E-12    1.7942E-10    5.2532E-21    3.3927E-25      1.5079E-27
  6.606900E-11    6.918300E-11    5.4353E-21    4.6306E-12    1.8405E-10    5.5029E-21    3.7214E-25      1.6539E-27
  6.918300E-11    7.244400E-11    5.6919E-21    4.8492E-12    1.8890E-10    5.7632E-21    4.0811E-25      1.8138E-27
  7.244400E-11    7.585800E-11    5.9589E-21    5.0767E-12    1.9398E-10    6.0342E-21    4.4744E-25      1.9886E-27
  7.585800E-11    7.943300E-11    6.2400E-21    5.3161E-12    1.9930E-10    6.3194E-21    4.9067E-25      2.1808E-27
  7.943300E-11    8.317600E-11    6.5332E-21    5.5659E-12    2.0486E-10    6.6170E-21    5.3799E-25      2.3911E-27
  8.317600E-11    8.709600E-11    6.8421E-21    5.8291E-12    2.1069E-10    6.9305E-21    5.9004E-25      2.6224E-27
  8.709600E-11    9.120100E-11    7.1650E-21    6.1042E-12    2.1680E-10    7.2583E-21    6.4707E-25      2.8759E-27
  9.120100E-11    9.549900E-11    7.5019E-21    6.3912E-12    2.2319E-10    7.7249E-21    7.2112E-25      3.2050E-27
  9.549900E-11    1.000000E-10    8.3711E-21    7.1317E-12    2.3032E-10    4.2630E-20    4.1671E-24      1.8520E-26
  1.000000E-10    1.047100E-10    1.4948E-19    1.2735E-10    3.5767E-10    1.7962E-19    1.8385E-23      8.1713E-26
  1.047100E-10    1.096500E-10    2.7283E-19    2.3244E-10    5.9010E-10    3.3096E-19    3.5473E-23      1.5766E-25
  1.096500E-10    1.148200E-10    5.0884E-19    4.3350E-10    1.0236E-09    5.1492E-19    5.7792E-23      2.5685E-25
  1.148200E-10    1.202300E-10    5.2913E-19    4.5079E-10    1.4744E-09    5.2845E-19    6.2106E-23      2.7603E-25
  1.202300E-10    1.258900E-10    5.2189E-19    4.4462E-10    1.9190E-09    5.2081E-19    6.4091E-23      2.8485E-25
  1.258900E-10    1.318300E-10    5.1475E-19    4.3854E-10    2.3576E-09    5.1428E-19    6.6270E-23      2.9454E-25
  1.318300E-10    1.380400E-10    5.0811E-19    4.3288E-10    2.7904E-09    5.6078E-19    7.5668E-23      3.3630E-25
  1.380400E-10    1.445400E-10    7.1077E-19    6.0554E-10    3.3960E-09    7.2373E-19    1.0226E-22      4.5447E-25
  1.445400E-10    1.513600E-10    7.5743E-19    6.4528E-10    4.0413E-09    7.7896E-19    1.1525E-22      5.1221E-25
  1.513600E-10    1.584900E-10    8.3356E-19    7.1015E-10    4.7514E-09    8.3157E-19    1.2883E-22      5.7258E-25
  1.584900E-10    1.659600E-10    8.1998E-19    6.9857E-10    5.4500E-09    8.1895E-19    1.3285E-22      5.9046E-25
  1.659600E-10    1.737800E-10    8.0956E-19    6.8970E-10    6.1397E-09    8.0903E-19    1.3743E-22      6.1080E-25
  1.737800E-10    1.819700E-10    8.0149E-19    6.8282E-10    6.8225E-09    7.9857E-19    1.4205E-22      6.3131E-25
  1.819700E-10    1.905500E-10    7.8478E-19    6.6859E-10    7.4911E-09    7.8625E-19    1.4645E-22      6.5088E-25
  1.905500E-10    1.995300E-10    7.8383E-19    6.6778E-10    8.1589E-09    7.8160E-19    1.5244E-22      6.7752E-25
  1.995300E-10    2.089300E-10    7.6932E-19    6.5542E-10    8.8143E-09    7.7085E-19    1.5743E-22      6.9969E-25
  2.089300E-10    2.187800E-10    7.6960E-19    6.5566E-10    9.4699E-09    7.7930E-19    1.6666E-22      7.4069E-25
  2.187800E-10    2.290900E-10    7.9872E-19    6.8047E-10    1.0150E-08    9.2696E-19    2.0758E-22      9.2257E-25
  2.290900E-10    2.398800E-10    1.2556E-18    1.0697E-09    1.1220E-08    1.4820E-18    3.4752E-22      1.5445E-24
  2.398800E-10    2.511900E-10    2.0589E-18    1.7541E-09    1.2974E-08    2.2857E-18    5.6121E-22      2.4943E-24
  2.511900E-10    2.630300E-10    2.8489E-18    2.4271E-09    1.5401E-08    3.0758E-18    7.9081E-22      3.5147E-24
  2.630300E-10    2.754200E-10    3.6251E-18    3.0884E-09    1.8490E-08    3.8597E-18    1.0391E-21      4.6184E-24
  2.754200E-10    2.884000E-10    4.4203E-18    3.7658E-09    2.2256E-08    4.6598E-18    1.3136E-21      5.8384E-24
  2.884000E-10    3.020000E-10    5.2215E-18    4.4484E-09    2.6704E-08    5.4538E-18    1.6100E-21      7.1553E-24
  3.020000E-10    3.162300E-10    5.9778E-18    5.0928E-09    3.1797E-08    6.2370E-18    1.9279E-21      8.5686E-24
  3.162300E-10    3.311300E-10    6.8183E-18    5.8088E-09    3.7606E-08    7.1143E-18    2.3028E-21      1.0234E-23
  3.311300E-10    3.467400E-10    7.7743E-18    6.6233E-09    4.4229E-08    8.0234E-18    2.7194E-21      1.2086E-23
  3.467400E-10    3.630800E-10    8.5507E-18    7.2847E-09    5.1514E-08    8.8015E-18    3.1237E-21      1.3883E-23
  3.630800E-10    3.801900E-10    9.3234E-18    7.9430E-09    5.9457E-08    9.5711E-18    3.5570E-21      1.5809E-23
  3.801900E-10    3.981100E-10    1.0076E-17    8.5840E-09    6.8041E-08    1.0330E-17    4.0200E-21      1.7867E-23
  3.981100E-10    4.168700E-10    1.0833E-17    9.2295E-09    7.7270E-08    1.1086E-17    4.5175E-21      2.0078E-23
  4.168700E-10    4.365200E-10    1.1579E-17    9.8650E-09    8.7135E-08    1.1861E-17    5.0610E-21      2.2493E-23
  4.365200E-10    4.570900E-10    1.2399E-17    1.0563E-08    9.7698E-08    1.2653E-17    5.6532E-21      2.5125E-23
  4.570900E-10    4.786300E-10    1.3120E-17    1.1177E-08    1.0888E-07    1.3363E-17    6.2520E-21      2.7787E-23
  4.786300E-10    5.011900E-10    1.3798E-17    1.1755E-08    1.2063E-07    1.4017E-17    6.8669E-21      3.0520E-23
  5.011900E-10    5.248100E-10    1.4383E-17    1.2253E-08    1.3288E-07    1.4716E-17    7.5495E-21      3.3553E-23
  5.248100E-10    5.495400E-10    1.5320E-17    1.3052E-08    1.4594E-07    1.5722E-17    8.4454E-21      3.7535E-23
  5.495400E-10    5.754400E-10    1.6458E-17    1.4021E-08    1.5996E-07    1.6736E-17    9.4137E-21      4.1839E-23
  5.754400E-10    6.025600E-10    1.7192E-17    1.4646E-08    1.7460E-07    1.7486E-17    1.0299E-20      4.5773E-23
  6.025600E-10    6.309600E-10    1.7964E-17    1.5304E-08    1.8991E-07    1.8253E-17    1.1258E-20      5.0034E-23
  6.309600E-10    6.606900E-10    1.8703E-17    1.5934E-08    2.0584E-07    1.9009E-17    1.2276E-20      5.4562E-23
  6.606900E-10    6.918300E-10    1.9491E-17    1.6605E-08    2.2245E-07    1.9960E-17    1.3498E-20      5.9992E-23
  6.918300E-10    7.244400E-10    2.0752E-17    1.7680E-08    2.4013E-07    2.1350E-17    1.5119E-20      6.7194E-23
  7.244400E-10    7.585800E-10    2.2370E-17    1.9058E-08    2.5918E-07    2.2978E-17    1.7038E-20      7.5726E-23
  7.585800E-10    7.943300E-10    2.3997E-17    2.0444E-08    2.7963E-07    2.4597E-17    1.9099E-20      8.4883E-23
  7.943300E-10    8.317600E-10    2.5571E-17    2.1785E-08    3.0141E-07    2.6206E-17    2.1307E-20      9.4697E-23
  8.317600E-10    8.709600E-10    2.7228E-17    2.3197E-08    3.2461E-07    2.7847E-17    2.3707E-20      1.0537E-22
  8.709600E-10    9.120100E-10    2.8807E-17    2.4542E-08    3.4915E-07    2.9474E-17    2.6276E-20      1.1678E-22
  9.120100E-10    9.549900E-10    3.0496E-17    2.5981E-08    3.7513E-07    3.1124E-17    2.9054E-20      1.2913E-22
  9.549900E-10    1.000000E-09    3.2050E-17    2.7305E-08    4.0244E-07    3.2830E-17    3.2091E-20      1.4263E-22
  1.000000E-09    1.047100E-09    3.3981E-17    2.8950E-08    4.3139E-07    3.4657E-17    3.5473E-20      1.5766E-22
  1.047100E-09    1.096500E-09    3.5671E-17    3.0390E-08    4.6178E-07    3.6427E-17    3.9043E-20      1.7352E-22
  1.096500E-09    1.148200E-09    3.7478E-17    3.1929E-08    4.9370E-07    3.8349E-17    4.3042E-20      1.9130E-22
  1.148200E-09    1.202300E-09    3.9568E-17    3.3710E-08    5.2742E-07    4.0562E-17    4.7671E-20      2.1187E-22
  1.202300E-09    1.258900E-09    4.1948E-17    3.5737E-08    5.6315E-07    4.2953E-17    5.2858E-20      2.3493E-22
  1.258900E-09    1.318300E-09    4.4456E-17    3.7874E-08    6.0103E-07    4.5465E-17    5.8587E-20      2.6039E-22
  1.318300E-09    1.380400E-09    4.6761E-17    3.9838E-08    6.4086E-07    4.7875E-17    6.4600E-20      2.8711E-22
  1.380400E-09    1.445400E-09    4.9361E-17    4.2053E-08    6.8292E-07    5.0474E-17    7.1315E-20      3.1696E-22
  1.445400E-09    1.513600E-09    5.2041E-17    4.4336E-08    7.2725E-07    5.3139E-17    7.8620E-20      3.4942E-22
  1.513600E-09    1.584900E-09    5.4446E-17    4.6385E-08    7.7364E-07    5.5585E-17    8.6115E-20      3.8273E-22
  1.584900E-09    1.659600E-09    5.7034E-17    4.8590E-08    8.2223E-07    5.8305E-17    9.4585E-20      4.2038E-22
  1.659600E-09    1.737800E-09    5.9877E-17    5.1012E-08    8.7324E-07    6.1311E-17    1.0415E-19      4.6289E-22
  1.737800E-09    1.819700E-09    6.3119E-17    5.3774E-08    9.2701E-07    6.4620E-17    1.1494E-19      5.1086E-22
  1.819700E-09    1.905500E-09    6.6500E-17    5.6654E-08    9.8367E-07    6.8005E-17    1.2667E-19      5.6296E-22
  1.905500E-09    1.995300E-09    6.9771E-17    5.9441E-08    1.0431E-06    7.1324E-17    1.3911E-19      6.1827E-22
  1.995300E-09    2.089300E-09    7.3116E-17    6.2291E-08    1.1054E-06    7.4891E-17    1.5295E-19      6.7978E-22
  2.089300E-09    2.187800E-09    7.7038E-17    6.5632E-08    1.1710E-06    7.8989E-17    1.6892E-19      7.5077E-22
  2.187800E-09    2.290900E-09    8.1245E-17    6.9216E-08    1.2402E-06    8.3233E-17    1.8639E-19      8.2839E-22
  2.290900E-09    2.398800E-09    8.5460E-17    7.2807E-08    1.3131E-06    8.7469E-17    2.0510E-19      9.1156E-22
  2.398800E-09    2.511900E-09    8.9793E-17    7.6498E-08    1.3896E-06    9.2092E-17    2.2612E-19      1.0050E-21
  2.511900E-09    2.630300E-09    9.4644E-17    8.0631E-08    1.4702E-06    9.7129E-17    2.4973E-19      1.1099E-21
  2.630300E-09    2.754200E-09    9.9819E-17    8.5041E-08    1.5552E-06    1.0245E-16    2.7582E-19      1.2259E-21
  2.754200E-09    2.884000E-09    1.0537E-16    8.9768E-08    1.6450E-06    1.0812E-16    3.0479E-19      1.3546E-21
  2.884000E-09    3.020000E-09    1.1113E-16    9.4673E-08    1.7397E-06    1.1416E-16    3.3700E-19      1.4978E-21
  3.020000E-09    3.162300E-09    1.1730E-16    9.9932E-08    1.8396E-06    1.2071E-16    3.7312E-19      1.6583E-21
  3.162300E-09    3.311300E-09    1.2432E-16    1.0592E-07    1.9455E-06    1.2830E-16    4.1527E-19      1.8457E-21
  3.311300E-09    3.467400E-09    1.3262E-16    1.1298E-07    2.0585E-06    1.3660E-16    4.6300E-19      2.0578E-21
  3.467400E-09    3.630800E-09    1.4069E-16    1.1986E-07    2.1784E-06    1.4525E-16    5.1551E-19      2.2912E-21
  3.630800E-09    3.801900E-09    1.4998E-16    1.2778E-07    2.3061E-06    1.5590E-16    5.7937E-19      2.5750E-21
  3.801900E-09    3.981100E-09    1.6223E-16    1.3821E-07    2.4443E-06    1.6699E-16    6.4985E-19      2.8882E-21
  3.981100E-09    4.168700E-09    1.7161E-16    1.4620E-07    2.5905E-06    1.7681E-16    7.2049E-19      3.2022E-21
  4.168700E-09    4.365200E-09    1.8191E-16    1.5498E-07    2.7455E-06    1.8722E-16    7.9886E-19      3.5505E-21
  4.365200E-09    4.570900E-09    1.9217E-16    1.6372E-07    2.9092E-06    1.9720E-16    8.8111E-19      3.9160E-21
  4.570900E-09    4.786300E-09    2.0172E-16    1.7185E-07    3.0811E-06    2.0697E-16    9.6833E-19      4.3037E-21
  4.786300E-09    5.011900E-09    2.1163E-16    1.8029E-07    3.2614E-06    2.1779E-16    1.0670E-18      4.7420E-21
  5.011900E-09    5.248100E-09    2.2324E-16    1.9019E-07    3.4516E-06    2.2858E-16    1.1726E-18      5.2116E-21
  5.248100E-09    5.495400E-09    2.3291E-16    1.9842E-07    3.6500E-06    2.3820E-16    1.2796E-18      5.6870E-21
  5.495400E-09    5.754400E-09    2.4240E-16    2.0651E-07    3.8565E-06    2.4773E-16    1.3935E-18      6.1932E-21
  5.754400E-09    6.025600E-09    2.5176E-16    2.1449E-07    4.0710E-06    2.5738E-16    1.5160E-18      6.7376E-21
  6.025600E-09    6.309600E-09    2.6158E-16    2.2286E-07    4.2939E-06    2.6753E-16    1.6500E-18      7.3335E-21
  6.309600E-09    6.606900E-09    2.7183E-16    2.3159E-07    4.5254E-06    2.7813E-16    1.7963E-18      7.9834E-21
  6.606900E-09    6.918300E-09    2.8279E-16    2.4092E-07    4.7664E-06    2.8952E-16    1.9579E-18      8.7019E-21
  6.918300E-09    7.244400E-09    2.9439E-16    2.5080E-07    5.0172E-06    3.0159E-16    2.1356E-18      9.4918E-21
  7.244400E-09    7.585800E-09    3.0666E-16    2.6126E-07    5.2784E-06    3.1424E-16    2.3301E-18      1.0356E-20
  7.585800E-09    7.943300E-09    3.1957E-16    2.7226E-07    5.5507E-06    3.2758E-16    2.5435E-18      1.1304E-20
  7.943300E-09    8.317600E-09    3.3306E-16    2.8374E-07    5.8344E-06    3.4165E-16    2.7778E-18      1.2346E-20
  8.317600E-09    8.709600E-09    3.4758E-16    2.9611E-07    6.1305E-06    3.5677E-16    3.0374E-18      1.3499E-20
  8.709600E-09    9.120100E-09    3.6299E-16    3.0925E-07    6.4398E-06    3.7278E-16    3.3233E-18      1.4770E-20
  9.120100E-09    9.549900E-09    3.7926E-16    3.2311E-07    6.7629E-06    3.8992E-16    3.6399E-18      1.6177E-20
  9.549900E-09    1.000000E-08    3.9702E-16    3.3824E-07    7.1011E-06    4.0865E-16    3.9945E-18      1.7753E-20
  1.000000E-08    1.047100E-08    4.1602E-16    3.5443E-07    7.4556E-06    4.2809E-16    4.3817E-18      1.9474E-20
  1.047100E-08    1.096500E-08    4.3654E-16    3.7191E-07    7.8275E-06    4.4990E-16    4.8220E-18      2.1431E-20
  1.096500E-08    1.148200E-08    4.5820E-16    3.9036E-07    8.2178E-06    4.7348E-16    5.3141E-18      2.3618E-20
  1.148200E-08    1.202300E-08    4.8305E-16    4.1153E-07    8.6294E-06    4.9733E-16    5.8448E-18      2.5977E-20
  1.202300E-08    1.258900E-08    5.0548E-16    4.3064E-07    9.0600E-06    5.2101E-16    6.4116E-18      2.8496E-20
  1.258900E-08    1.318300E-08    5.3148E-16    4.5279E-07    9.5128E-06    5.4762E-16    7.0566E-18      3.1363E-20
  1.318300E-08    1.380400E-08    5.5610E-16    4.7376E-07    9.9866E-06    5.7266E-16    7.7272E-18      3.4343E-20
  1.380400E-08    1.445400E-08    5.8173E-16    4.9560E-07    1.0482E-05    5.9914E-16    8.4653E-18      3.7624E-20
  1.445400E-08    1.513600E-08    6.0992E-16    5.1962E-07    1.1002E-05    6.2934E-16    9.3110E-18      4.1382E-20
  1.513600E-08    1.584900E-08    6.3899E-16    5.4439E-07    1.1546E-05    6.5796E-16    1.0193E-17      4.5304E-20
  1.584900E-08    1.659600E-08    6.6816E-16    5.6923E-07    1.2115E-05    6.8867E-16    1.1172E-17      4.9653E-20
  1.659600E-08    1.737800E-08    6.9903E-16    5.9553E-07    1.2711E-05    7.2002E-16    1.2231E-17      5.4360E-20
  1.737800E-08    1.819700E-08    7.3053E-16    6.2237E-07    1.3333E-05    7.5334E-16    1.3400E-17      5.9555E-20
  1.819700E-08    1.905500E-08    7.6490E-16    6.5165E-07    1.3985E-05    7.9047E-16    1.4723E-17      6.5437E-20
  1.905500E-08    1.995300E-08    8.0274E-16    6.8388E-07    1.4669E-05    8.2787E-16    1.6147E-17      7.1764E-20
  1.995300E-08    2.089300E-08    8.3928E-16    7.1502E-07    1.5384E-05    8.6623E-16    1.7691E-17      7.8627E-20
  2.089300E-08    2.187800E-08    8.7921E-16    7.4904E-07    1.6133E-05    9.0770E-16    1.9412E-17      8.6274E-20
  2.187800E-08    2.290900E-08    9.2007E-16    7.8384E-07    1.6917E-05    9.5026E-16    2.1280E-17      9.4577E-20
  2.290900E-08    2.398800E-08    9.6295E-16    8.2038E-07    1.7737E-05    9.9417E-16    2.3312E-17      1.0361E-19
  2.398800E-08    2.511900E-08    1.0084E-15    8.5906E-07    1.8596E-05    1.0432E-15    2.5614E-17      1.1384E-19
  2.511900E-08    2.630300E-08    1.0576E-15    9.0105E-07    1.9497E-05    1.0940E-15    2.8127E-17      1.2501E-19
  2.630300E-08    2.754200E-08    1.1082E-15    9.4409E-07    2.0441E-05    1.1453E-15    3.0834E-17      1.3704E-19
  2.754200E-08    2.884000E-08    1.1604E-15    9.8858E-07    2.1430E-05    1.1993E-15    3.3810E-17      1.5027E-19
  2.884000E-08    3.020000E-08    1.2148E-15    1.0350E-06    2.2465E-05    1.2561E-15    3.7081E-17      1.6480E-19
  3.020000E-08    3.162300E-08    1.2704E-15    1.0823E-06    2.3547E-05    1.3136E-15    4.0605E-17      1.8047E-19
  3.162300E-08    3.311300E-08    1.3290E-15    1.1322E-06    2.4679E-05    1.3752E-15    4.4512E-17      1.9783E-19
  3.311300E-08    3.467400E-08    1.3921E-15    1.1860E-06    2.5865E-05    1.4428E-15    4.8901E-17      2.1734E-19
  3.467400E-08    3.630800E-08    1.4600E-15    1.2438E-06    2.7109E-05    1.5119E-15    5.3658E-17      2.3848E-19
  3.630800E-08    3.801900E-08    1.5290E-15    1.3027E-06    2.8412E-05    1.5829E-15    5.8827E-17      2.6145E-19
  3.801900E-08    3.981100E-08    1.6003E-15    1.3634E-06    2.9775E-05    1.6571E-15    6.4486E-17      2.8661E-19
  3.981100E-08    4.168700E-08    1.6741E-15    1.4263E-06    3.1202E-05    1.7363E-15    7.0753E-17      3.1446E-19
  4.168700E-08    4.365200E-08    1.7558E-15    1.4959E-06    3.2697E-05    1.8188E-15    7.7605E-17      3.4491E-19
  4.365200E-08    4.570900E-08    1.8362E-15    1.5643E-06    3.4262E-05    1.9043E-15    8.5087E-17      3.7816E-19
  4.570900E-08    4.786300E-08    1.9236E-15    1.6388E-06    3.5901E-05    1.9947E-15    9.3322E-17      4.1476E-19
  4.786300E-08    5.011900E-08    2.0142E-15    1.7160E-06    3.7617E-05    2.0903E-15    1.0241E-16      4.5515E-19
  5.011900E-08    5.248100E-08    2.1101E-15    1.7977E-06    3.9414E-05    2.1876E-15    1.1223E-16      4.9878E-19
  5.248100E-08    5.495400E-08    2.2064E-15    1.8798E-06    4.1294E-05    2.2915E-15    1.2309E-16      5.4708E-19
  5.495400E-08    5.754400E-08    2.3127E-15    1.9703E-06    4.3264E-05    2.4020E-15    1.3511E-16      6.0050E-19
  5.754400E-08    6.025600E-08    2.4229E-15    2.0641E-06    4.5328E-05    2.5147E-15    1.4812E-16      6.5829E-19
  6.025600E-08    6.309600E-08    2.5350E-15    2.1596E-06    4.7488E-05    2.6333E-15    1.6241E-16      7.2183E-19
  6.309600E-08    6.606900E-08    2.6535E-15    2.2606E-06    4.9749E-05    2.7590E-15    1.7818E-16      7.9193E-19
  6.606900E-08    6.918300E-08    2.7816E-15    2.3698E-06    5.2118E-05    2.8900E-15    1.9544E-16      8.6861E-19
  6.918300E-08    7.244400E-08    2.9110E-15    2.4800E-06    5.4598E-05    3.0274E-15    2.1438E-16      9.5281E-19
  7.244400E-08    7.585800E-08    3.0485E-15    2.5971E-06    5.7195E-05    3.1710E-15    2.3513E-16      1.0450E-18
  7.585800E-08    7.943300E-08    3.1926E-15    2.7200E-06    5.9915E-05    3.3215E-15    2.5790E-16      1.1462E-18
  7.943300E-08    8.317600E-08    3.3426E-15    2.8477E-06    6.2763E-05    3.4780E-15    2.8278E-16      1.2568E-18
  8.317600E-08    8.709600E-08    3.4998E-15    2.9817E-06    6.5745E-05    3.6448E-15    3.1031E-16      1.3791E-18
  8.709600E-08    9.120100E-08    3.6669E-15    3.1240E-06    6.8869E-05    3.8164E-15    3.4023E-16      1.5121E-18
  9.120100E-08    9.549900E-08    3.8366E-15    3.2685E-06    7.2137E-05    3.9983E-15    3.7324E-16      1.6588E-18
  9.549900E-08    1.000000E-07    4.0203E-15    3.4250E-06    7.5562E-05    4.1873E-15    4.0930E-16      1.8191E-18
  1.000000E-07    1.047100E-07    4.2046E-15    3.5821E-06    7.9145E-05    4.3832E-15    4.4864E-16      1.9940E-18
  1.047100E-07    1.096500E-07    4.4109E-15    3.7578E-06    8.2902E-05    4.5992E-15    4.9294E-16      2.1909E-18
  1.096500E-07    1.148200E-07    4.6166E-15    3.9331E-06    8.6835E-05    4.8144E-15    5.4034E-16      2.4015E-18
  1.148200E-07    1.202300E-07    4.8302E-15    4.1150E-06    9.0950E-05    5.0391E-15    5.9222E-16      2.6321E-18
  1.202300E-07    1.258900E-07    5.0531E-15    4.3050E-06    9.5255E-05    5.2752E-15    6.4917E-16      2.8852E-18
  1.258900E-07    1.318300E-07    5.3051E-15    4.5197E-06    9.9775E-05    5.5375E-15    7.1356E-16      3.1714E-18
  1.318300E-07    1.380400E-07    5.5451E-15    4.7241E-06    1.0450E-04    5.7904E-15    7.8132E-16      3.4725E-18
  1.380400E-07    1.445400E-07    5.8035E-15    4.9442E-06    1.0944E-04    6.0622E-15    8.5653E-16      3.8068E-18
  1.445400E-07    1.513600E-07    6.0887E-15    5.1872E-06    1.1463E-04    6.3631E-15    9.4142E-16      4.1841E-18
  1.513600E-07    1.584900E-07    6.3659E-15    5.4234E-06    1.2005E-04    6.6546E-15    1.0310E-15      4.5821E-18
  1.584900E-07    1.659600E-07    6.6695E-15    5.6820E-06    1.2574E-04    6.9743E-15    1.1314E-15      5.0285E-18
  1.659600E-07    1.737800E-07    6.9819E-15    5.9482E-06    1.3168E-04    7.3030E-15    1.2406E-15      5.5136E-18
  1.737800E-07    1.819700E-07    7.3117E-15    6.2291E-06    1.3791E-04    7.6507E-15    1.3609E-15      6.0483E-18
  1.819700E-07    1.905500E-07    7.6594E-15    6.5254E-06    1.4444E-04    8.0187E-15    1.4936E-15      6.6381E-18
  1.905500E-07    1.995300E-07    8.0177E-15    6.8306E-06    1.5127E-04    8.3962E-15    1.6376E-15      7.2782E-18
  1.995300E-07    2.089300E-07    8.3934E-15    7.1507E-06    1.5842E-04    8.7919E-15    1.7956E-15      7.9803E-18
  2.089300E-07    2.187800E-07    8.7949E-15    7.4928E-06    1.6591E-04    9.2152E-15    1.9707E-15      8.7587E-18
  2.187800E-07    2.290900E-07    9.2047E-15    7.8419E-06    1.7375E-04    9.6494E-15    2.1608E-15      9.6038E-18
  2.290900E-07    2.398800E-07    9.6340E-15    8.2076E-06    1.8196E-04    1.0102E-14    2.3688E-15      1.0528E-17
  2.398800E-07    2.511900E-07    1.0098E-14    8.6028E-06    1.9057E-04    1.0592E-14    2.6007E-15      1.1559E-17
  2.511900E-07    2.630300E-07    1.0570E-14    9.0054E-06    1.9957E-04    1.1092E-14    2.8519E-15      1.2675E-17
  2.630300E-07    2.754200E-07    1.1061E-14    9.4236E-06    2.0899E-04    1.1612E-14    3.1263E-15      1.3895E-17
  2.754200E-07    2.884000E-07    1.1589E-14    9.8729E-06    2.1887E-04    1.2170E-14    3.4308E-15      1.5248E-17
  2.884000E-07    3.020000E-07    1.2142E-14    1.0344E-05    2.2921E-04    1.2755E-14    3.7653E-15      1.6735E-17
  3.020000E-07    3.162300E-07    1.2704E-14    1.0823E-05    2.4003E-04    1.3351E-14    4.1269E-15      1.8342E-17
  3.162300E-07    3.311300E-07    1.3302E-14    1.1333E-05    2.5137E-04    1.3985E-14    4.5266E-15      2.0118E-17
  3.311300E-07    3.467400E-07    1.3936E-14    1.1873E-05    2.6324E-04    1.4657E-14    4.9677E-15      2.2079E-17
  3.467400E-07    3.630800E-07    1.4588E-14    1.2428E-05    2.7567E-04    1.5348E-14    5.4471E-15      2.4209E-17
  3.630800E-07    3.801900E-07    1.5275E-14    1.3013E-05    2.8868E-04    1.6077E-14    5.9750E-15      2.6555E-17
  3.801900E-07    3.981100E-07    1.5998E-14    1.3630E-05    3.0231E-04    1.6845E-14    6.5551E-15      2.9134E-17
  3.981100E-07    4.168700E-07    1.6748E-14    1.4268E-05    3.1658E-04    1.7641E-14    7.1886E-15      3.1949E-17
  4.168700E-07    4.365200E-07    1.7542E-14    1.4945E-05    3.3152E-04    1.8485E-14    7.8875E-15      3.5056E-17
  4.365200E-07    4.570900E-07    1.8363E-14    1.5644E-05    3.4717E-04    1.9358E-14    8.6492E-15      3.8441E-17
  4.570900E-07    4.786300E-07    1.9229E-14    1.6382E-05    3.6355E-04    2.0279E-14    9.4878E-15      4.2168E-17
  4.786300E-07    5.011900E-07    2.0140E-14    1.7158E-05    3.8071E-04    2.1248E-14    1.0409E-14      4.6264E-17
  5.011900E-07    5.248100E-07    2.1086E-14    1.7964E-05    3.9867E-04    2.2255E-14    1.1417E-14      5.0740E-17
  5.248100E-07    5.500000E-07    2.2487E-14    1.9157E-05    4.1783E-04    2.3743E-14    1.2760E-14      5.6711E-17
  5.500000E-07    5.750000E-07    2.2317E-14    1.9013E-05    4.3684E-04    2.3574E-14    1.3260E-14      5.8934E-17
  5.750000E-07    6.000000E-07    2.2317E-14    1.9013E-05    4.5585E-04    2.3583E-14    1.3855E-14      6.1577E-17
  6.000000E-07    6.250000E-07    2.2316E-14    1.9012E-05    4.7487E-04    2.3591E-14    1.4450E-14      6.4220E-17
  6.250000E-07    6.500000E-07    2.2316E-14    1.9012E-05    4.9388E-04    2.3599E-14    1.5045E-14      6.6865E-17
  6.500000E-07    6.750000E-07    2.2316E-14    1.9012E-05    5.1289E-04    2.3607E-14    1.5640E-14      6.9511E-17
  6.750000E-07    7.000000E-07    2.2316E-14    1.9012E-05    5.3190E-04    2.3615E-14    1.6235E-14      7.2158E-17
  7.000000E-07    7.250000E-07    2.2315E-14    1.9011E-05    5.5091E-04    2.3623E-14    1.6831E-14      7.4805E-17
  7.250000E-07    7.500000E-07    2.2315E-14    1.9011E-05    5.6992E-04    2.3630E-14    1.7427E-14      7.7454E-17
  7.500000E-07    7.750000E-07    2.2315E-14    1.9011E-05    5.8894E-04    2.3637E-14    1.8023E-14      8.0104E-17
  7.750000E-07    8.000000E-07    2.2315E-14    1.9011E-05    6.0795E-04    2.3644E-14    1.8620E-14      8.2754E-17
  8.000000E-07    8.250000E-07    2.2314E-14    1.9010E-05    6.2696E-04    2.3651E-14    1.9216E-14      8.5405E-17
  8.250000E-07    8.500000E-07    2.2314E-14    1.9010E-05    6.4597E-04    2.3657E-14    1.9813E-14      8.8057E-17
  8.500000E-07    8.750000E-07    2.2314E-14    1.9010E-05    6.6498E-04    2.3664E-14    2.0410E-14      9.0710E-17
  8.750000E-07    9.000000E-07    2.2313E-14    1.9010E-05    6.8399E-04    2.3670E-14    2.1007E-14      9.3363E-17
  9.000000E-07    9.250000E-07    2.2313E-14    1.9010E-05    7.0300E-04    2.3676E-14    2.1604E-14      9.6018E-17
  9.250000E-07    9.500000E-07    2.2313E-14    1.9009E-05    7.2201E-04    2.3681E-14    2.2201E-14      9.8673E-17
  9.500000E-07    9.750000E-07    2.2312E-14    1.9009E-05    7.4102E-04    2.3687E-14    2.2799E-14      1.0133E-16
  9.750000E-07    1.000000E-06    2.2312E-14    1.9009E-05    7.6002E-04    2.3693E-14    2.3397E-14      1.0399E-16
  1.000000E-06    1.025000E-06    2.2312E-14    1.9008E-05    7.7903E-04    2.3698E-14    2.3995E-14      1.0664E-16
  1.025000E-06    1.050000E-06    2.2312E-14    1.9008E-05    7.9804E-04    2.3704E-14    2.4593E-14      1.0930E-16
  1.050000E-06    1.075000E-06    2.2311E-14    1.9008E-05    8.1705E-04    2.3709E-14    2.5191E-14      1.1196E-16
  1.075000E-06    1.100000E-06    2.2311E-14    1.9008E-05    8.3606E-04    2.3714E-14    2.5789E-14      1.1462E-16
  1.100000E-06    1.125000E-06    2.2311E-14    1.9007E-05    8.5506E-04    2.3719E-14    2.6388E-14      1.1728E-16
  1.125000E-06    1.150000E-06    2.2310E-14    1.9007E-05    8.7407E-04    2.3724E-14    2.6986E-14      1.1994E-16
  1.150000E-06    1.175000E-06    2.2310E-14    1.9007E-05    8.9308E-04    2.3729E-14    2.7585E-14      1.2260E-16
  1.175000E-06    1.200000E-06    2.2310E-14    1.9007E-05    9.1208E-04    2.3734E-14    2.8184E-14      1.2526E-16
  1.200000E-06    1.225000E-06    2.2310E-14    1.9007E-05    9.3109E-04    2.3739E-14    2.8783E-14      1.2792E-16
  1.225000E-06    1.250000E-06    2.2309E-14    1.9006E-05    9.5010E-04    2.3743E-14    2.9382E-14      1.3059E-16
  1.250000E-06    1.275000E-06    2.2309E-14    1.9006E-05    9.6910E-04    2.3748E-14    2.9981E-14      1.3325E-16
  1.275000E-06    1.300000E-06    2.2309E-14    1.9006E-05    9.8811E-04    2.3752E-14    3.0581E-14      1.3592E-16
  1.300000E-06    1.325000E-06    2.2308E-14    1.9006E-05    1.0071E-03    2.3757E-14    3.1180E-14      1.3858E-16
  1.325000E-06    1.350000E-06    2.2308E-14    1.9005E-05    1.0261E-03    2.3761E-14    3.1780E-14      1.4125E-16
  1.350000E-06    1.375000E-06    2.2308E-14    1.9005E-05    1.0451E-03    2.3765E-14    3.2380E-14      1.4391E-16
  1.375000E-06    1.400000E-06    2.2308E-14    1.9005E-05    1.0641E-03    2.3770E-14    3.2980E-14      1.4658E-16
  1.400000E-06    1.425000E-06    2.2308E-14    1.9005E-05    1.0831E-03    2.3774E-14    3.3580E-14      1.4924E-16
  1.425000E-06    1.450000E-06    2.2307E-14    1.9005E-05    1.1021E-03    2.3778E-14    3.4180E-14      1.5191E-16
  1.450000E-06    1.475000E-06    2.2307E-14    1.9004E-05    1.1211E-03    2.3782E-14    3.4780E-14      1.5458E-16
  1.475000E-06    1.500000E-06    2.2307E-14    1.9004E-05    1.1401E-03    2.3785E-14    3.5381E-14      1.5725E-16
  1.500000E-06    1.525000E-06    2.2306E-14    1.9004E-05    1.1592E-03    2.3789E-14    3.5981E-14      1.5992E-16
  1.525000E-06    1.550000E-06    2.2306E-14    1.9004E-05    1.1782E-03    2.3793E-14    3.6582E-14      1.6258E-16
  1.550000E-06    1.575000E-06    2.2306E-14    1.9003E-05    1.1972E-03    2.3797E-14    3.7182E-14      1.6525E-16
  1.575000E-06    1.600000E-06    2.2306E-14    1.9003E-05    1.2162E-03    2.3800E-14    3.7783E-14      1.6792E-16
  1.600000E-06    1.625000E-06    2.2305E-14    1.9003E-05    1.2352E-03    2.3804E-14    3.8384E-14      1.7060E-16
  1.625000E-06    1.650000E-06    2.2305E-14    1.9003E-05    1.2542E-03    2.3808E-14    3.8985E-14      1.7327E-16
  1.650000E-06    1.675000E-06    2.2305E-14    1.9002E-05    1.2732E-03    2.3811E-14    3.9586E-14      1.7594E-16
  1.675000E-06    1.700000E-06    2.2304E-14    1.9002E-05    1.2922E-03    2.3815E-14    4.0187E-14      1.7861E-16
  1.700000E-06    1.725000E-06    2.2304E-14    1.9002E-05    1.3112E-03    2.3818E-14    4.0789E-14      1.8128E-16
  1.725000E-06    1.750000E-06    2.2304E-14    1.9002E-05    1.3302E-03    2.3822E-14    4.1390E-14      1.8396E-16
  1.750000E-06    1.775000E-06    2.2304E-14    1.9001E-05    1.3492E-03    2.3825E-14    4.1992E-14      1.8663E-16
  1.775000E-06    1.800000E-06    2.2303E-14    1.9001E-05    1.3682E-03    2.3828E-14    4.2593E-14      1.8930E-16
  1.800000E-06    1.825000E-06    2.2303E-14    1.9001E-05    1.3872E-03    2.3831E-14    4.3195E-14      1.9198E-16
  1.825000E-06    1.850000E-06    2.2303E-14    1.9001E-05    1.4062E-03    2.3835E-14    4.3796E-14      1.9465E-16
  1.850000E-06    1.875000E-06    2.2303E-14    1.9001E-05    1.4252E-03    2.3838E-14    4.4398E-14      1.9732E-16
  1.875000E-06    1.900000E-06    2.2302E-14    1.9000E-05    1.4442E-03    2.3841E-14    4.5000E-14      2.0000E-16
  1.900000E-06    1.925000E-06    2.2302E-14    1.9000E-05    1.4632E-03    2.3844E-14    4.5601E-14      2.0267E-16
  1.925000E-06    1.950000E-06    2.2302E-14    1.9000E-05    1.4822E-03    2.3847E-14    4.6203E-14      2.0535E-16
  1.950000E-06    1.975000E-06    2.2301E-14    1.9000E-05    1.5012E-03    2.3850E-14    4.6805E-14      2.0802E-16
  1.975000E-06    2.000000E-06    2.2301E-14    1.8999E-05    1.5202E-03    2.3853E-14    4.7407E-14      2.1070E-16
  2.000000E-06    2.025000E-06    2.2301E-14    1.8999E-05    1.5392E-03    2.3856E-14    4.8010E-14      2.1338E-16
  2.025000E-06    2.050000E-06    2.2300E-14    1.8999E-05    1.5582E-03    2.3859E-14    4.8612E-14      2.1605E-16
  2.050000E-06    2.075000E-06    2.2300E-14    1.8998E-05    1.5772E-03    2.3862E-14    4.9215E-14      2.1873E-16
  2.075000E-06    2.100000E-06    2.2300E-14    1.8998E-05    1.5962E-03    2.3865E-14    4.9817E-14      2.2141E-16
  2.100000E-06    2.125000E-06    2.2299E-14    1.8998E-05    1.6152E-03    2.3867E-14    5.0420E-14      2.2409E-16
  2.125000E-06    2.150000E-06    2.2299E-14    1.8998E-05    1.6342E-03    2.3870E-14    5.1023E-14      2.2677E-16
  2.150000E-06    2.175000E-06    2.2299E-14    1.8998E-05    1.6532E-03    2.3873E-14    5.1625E-14      2.2945E-16
  2.175000E-06    2.200000E-06    2.2299E-14    1.8997E-05    1.6722E-03    2.3876E-14    5.2228E-14      2.3212E-16
  2.200000E-06    2.225000E-06    2.2298E-14    1.8997E-05    1.6912E-03    2.3878E-14    5.2831E-14      2.3480E-16
  2.225000E-06    2.250000E-06    2.2298E-14    1.8997E-05    1.7102E-03    2.3881E-14    5.3434E-14      2.3748E-16
  2.250000E-06    2.275000E-06    2.2298E-14    1.8997E-05    1.7292E-03    2.3884E-14    5.4037E-14      2.4016E-16
  2.275000E-06    2.300000E-06    2.2298E-14    1.8996E-05    1.7482E-03    2.3886E-14    5.4640E-14      2.4285E-16
  2.300000E-06    2.325000E-06    2.2297E-14    1.8996E-05    1.7671E-03    2.3889E-14    5.5244E-14      2.4553E-16
  2.325000E-06    2.350000E-06    2.2297E-14    1.8996E-05    1.7861E-03    2.3892E-14    5.5847E-14      2.4821E-16
  2.350000E-06    2.375000E-06    2.2297E-14    1.8996E-05    1.8051E-03    2.3894E-14    5.6450E-14      2.5089E-16
  2.375000E-06    2.400000E-06    2.2297E-14    1.8995E-05    1.8241E-03    2.3897E-14    5.7054E-14      2.5357E-16
  2.400000E-06    2.425000E-06    2.2296E-14    1.8995E-05    1.8431E-03    2.3899E-14    5.7657E-14      2.5625E-16
  2.425000E-06    2.450000E-06    2.2296E-14    1.8995E-05    1.8621E-03    2.3902E-14    5.8261E-14      2.5894E-16
  2.450000E-06    2.475000E-06    2.2296E-14    1.8995E-05    1.8811E-03    2.3904E-14    5.8865E-14      2.6162E-16
  2.475000E-06    2.500000E-06    2.2296E-14    1.8995E-05    1.9001E-03    2.3907E-14    5.9468E-14      2.6430E-16
  2.500000E-06    2.525000E-06    2.2295E-14    1.8994E-05    1.9191E-03    2.3909E-14    6.0072E-14      2.6699E-16
  2.525000E-06    2.550000E-06    2.2295E-14    1.8994E-05    1.9381E-03    2.3912E-14    6.0675E-14      2.6967E-16
  2.550000E-06    2.575000E-06    2.2295E-14    1.8994E-05    1.9571E-03    2.3914E-14    6.1279E-14      2.7235E-16
  2.575000E-06    2.600000E-06    2.2295E-14    1.8994E-05    1.9761E-03    2.3916E-14    6.1883E-14      2.7503E-16
  2.600000E-06    2.625000E-06    2.2294E-14    1.8994E-05    1.9951E-03    2.3918E-14    6.2487E-14      2.7772E-16
  2.625000E-06    2.650000E-06    2.2294E-14    1.8993E-05    2.0141E-03    2.3921E-14    6.3091E-14      2.8040E-16
  2.650000E-06    2.675000E-06    2.2294E-14    1.8993E-05    2.0331E-03    2.3923E-14    6.3695E-14      2.8309E-16
  2.675000E-06    2.700000E-06    2.2294E-14    1.8993E-05    2.0521E-03    2.3925E-14    6.4299E-14      2.8577E-16
  2.700000E-06    2.725000E-06    2.2293E-14    1.8992E-05    2.0711E-03    2.3927E-14    6.4903E-14      2.8846E-16
  2.725000E-06    2.750000E-06    2.2293E-14    1.8992E-05    2.0900E-03    2.3930E-14    6.5507E-14      2.9114E-16
  2.750000E-06    2.775000E-06    2.2293E-14    1.8992E-05    2.1090E-03    2.3932E-14    6.6111E-14      2.9383E-16
  2.775000E-06    2.800000E-06    2.2292E-14    1.8992E-05    2.1280E-03    2.3934E-14    6.6716E-14      2.9652E-16
  2.800000E-06    2.825000E-06    2.2292E-14    1.8992E-05    2.1470E-03    2.3936E-14    6.7321E-14      2.9920E-16
  2.825000E-06    2.850000E-06    2.2292E-14    1.8991E-05    2.1660E-03    2.3938E-14    6.7925E-14      3.0189E-16
  2.850000E-06    2.875000E-06    2.2291E-14    1.8991E-05    2.1850E-03    2.3940E-14    6.8530E-14      3.0458E-16
  2.875000E-06    2.900000E-06    2.2291E-14    1.8991E-05    2.2040E-03    2.3943E-14    6.9134E-14      3.0726E-16
  2.900000E-06    2.925000E-06    2.2291E-14    1.8991E-05    2.2230E-03    2.3945E-14    6.9739E-14      3.0995E-16
  2.925000E-06    2.950000E-06    2.2291E-14    1.8990E-05    2.2420E-03    2.3947E-14    7.0344E-14      3.1264E-16
  2.950000E-06    2.975000E-06    2.2290E-14    1.8990E-05    2.2610E-03    2.3949E-14    7.0949E-14      3.1533E-16
  2.975000E-06    3.000000E-06    2.2290E-14    1.8990E-05    2.2800E-03    2.3951E-14    7.1554E-14      3.1802E-16
  3.000000E-06    3.025000E-06    2.2290E-14    1.8990E-05    2.2989E-03    2.3953E-14    7.2159E-14      3.2071E-16
  3.025000E-06    3.050000E-06    2.2290E-14    1.8989E-05    2.3179E-03    2.3955E-14    7.2764E-14      3.2339E-16
  3.050000E-06    3.075000E-06    2.2289E-14    1.8989E-05    2.3369E-03    2.3957E-14    7.3369E-14      3.2608E-16
  3.075000E-06    3.100000E-06    2.2289E-14    1.8989E-05    2.3559E-03    2.3959E-14    7.3974E-14      3.2877E-16
  3.100000E-06    3.125000E-06    2.2289E-14    1.8989E-05    2.3749E-03    2.3961E-14    7.4580E-14      3.3146E-16
  3.125000E-06    3.150000E-06    2.2289E-14    1.8989E-05    2.3939E-03    2.3963E-14    7.5185E-14      3.3415E-16
  3.150000E-06    3.175000E-06    2.2288E-14    1.8988E-05    2.4129E-03    2.3965E-14    7.5790E-14      3.3684E-16
  3.175000E-06    3.200000E-06    2.2288E-14    1.8988E-05    2.4319E-03    2.3967E-14    7.6395E-14      3.3953E-16
  3.200000E-06    3.225000E-06    2.2288E-14    1.8988E-05    2.4509E-03    2.3969E-14    7.7000E-14      3.4222E-16
  3.225000E-06    3.250000E-06    2.2288E-14    1.8988E-05    2.4698E-03    2.3971E-14    7.7606E-14      3.4491E-16
  3.250000E-06    3.275000E-06    2.2287E-14    1.8988E-05    2.4888E-03    2.3973E-14    7.8211E-14      3.4761E-16
  3.275000E-06    3.300000E-06    2.2287E-14    1.8987E-05    2.5078E-03    2.3975E-14    7.8817E-14      3.5030E-16
  3.300000E-06    3.325000E-06    2.2287E-14    1.8987E-05    2.5268E-03    2.3977E-14    7.9423E-14      3.5299E-16
  3.325000E-06    3.350000E-06    2.2287E-14    1.8987E-05    2.5458E-03    2.3978E-14    8.0028E-14      3.5568E-16
  3.350000E-06    3.375000E-06    2.2286E-14    1.8987E-05    2.5648E-03    2.3980E-14    8.0634E-14      3.5837E-16
  3.375000E-06    3.400000E-06    2.2286E-14    1.8987E-05    2.5838E-03    2.3982E-14    8.1239E-14      3.6106E-16
  3.400000E-06    3.425000E-06    2.2286E-14    1.8986E-05    2.6028E-03    2.3984E-14    8.1845E-14      3.6376E-16
  3.425000E-06    3.450000E-06    2.2286E-14    1.8986E-05    2.6217E-03    2.3986E-14    8.2452E-14      3.6645E-16
  3.450000E-06    3.475000E-06    2.2285E-14    1.8986E-05    2.6407E-03    2.3988E-14    8.3058E-14      3.6914E-16
  3.475000E-06    3.500000E-06    2.2285E-14    1.8986E-05    2.6597E-03    2.3989E-14    8.3663E-14      3.7184E-16
  3.500000E-06    3.525000E-06    2.2285E-14    1.8986E-05    2.6787E-03    2.3991E-14    8.4269E-14      3.7453E-16
  3.525000E-06    3.550000E-06    2.2285E-14    1.8985E-05    2.6977E-03    2.3993E-14    8.4875E-14      3.7722E-16
  3.550000E-06    3.575000E-06    2.2284E-14    1.8985E-05    2.7167E-03    2.3995E-14    8.5481E-14      3.7992E-16
  3.575000E-06    3.600000E-06    2.2284E-14    1.8985E-05    2.7357E-03    2.3996E-14    8.6087E-14      3.8261E-16
  3.600000E-06    3.625000E-06    2.2284E-14    1.8985E-05    2.7546E-03    2.3998E-14    8.6693E-14      3.8530E-16
  3.625000E-06    3.650000E-06    2.2284E-14    1.8985E-05    2.7736E-03    2.4000E-14    8.7299E-14      3.8800E-16
  3.650000E-06    3.675000E-06    2.2284E-14    1.8984E-05    2.7926E-03    2.4001E-14    8.7905E-14      3.9069E-16
  3.675000E-06    3.700000E-06    2.2283E-14    1.8984E-05    2.8116E-03    2.4003E-14    8.8512E-14      3.9338E-16
  3.700000E-06    3.725000E-06    2.2283E-14    1.8984E-05    2.8306E-03    2.4005E-14    8.9118E-14      3.9608E-16
  3.725000E-06    3.750000E-06    2.2283E-14    1.8984E-05    2.8496E-03    2.4006E-14    8.9724E-14      3.9877E-16
  3.750000E-06    3.775000E-06    2.2283E-14    1.8984E-05    2.8685E-03    2.4008E-14    9.0331E-14      4.0147E-16
  3.775000E-06    3.800000E-06    2.2282E-14    1.8983E-05    2.8875E-03    2.4010E-14    9.0937E-14      4.0417E-16
  3.800000E-06    3.825000E-06    2.2282E-14    1.8983E-05    2.9065E-03    2.4012E-14    9.1544E-14      4.0686E-16
  3.825000E-06    3.850000E-06    2.2282E-14    1.8983E-05    2.9255E-03    2.4013E-14    9.2150E-14      4.0956E-16
  3.850000E-06    3.875000E-06    2.2282E-14    1.8983E-05    2.9445E-03    2.4015E-14    9.2757E-14      4.1225E-16
  3.875000E-06    3.900000E-06    2.2281E-14    1.8982E-05    2.9635E-03    2.4016E-14    9.3363E-14      4.1495E-16
  3.900000E-06    3.925000E-06    2.2281E-14    1.8982E-05    2.9824E-03    2.4018E-14    9.3970E-14      4.1764E-16
  3.925000E-06    3.950000E-06    2.2281E-14    1.8982E-05    3.0014E-03    2.4019E-14    9.4577E-14      4.2034E-16
  3.950000E-06    3.975000E-06    2.2280E-14    1.8982E-05    3.0204E-03    2.4021E-14    9.5183E-14      4.2304E-16
  3.975000E-06    4.000000E-06    2.2280E-14    1.8981E-05    3.0394E-03    2.4023E-14    9.5790E-14      4.2573E-16
  4.000000E-06    4.025000E-06    2.2280E-14    1.8981E-05    3.0584E-03    2.4024E-14    9.6397E-14      4.2843E-16
  4.025000E-06    4.050000E-06    2.2280E-14    1.8981E-05    3.0773E-03    2.4026E-14    9.7004E-14      4.3113E-16
  4.050000E-06    4.075000E-06    2.2280E-14    1.8981E-05    3.0963E-03    2.4027E-14    9.7610E-14      4.3382E-16
  4.075000E-06    4.100000E-06    2.2279E-14    1.8981E-05    3.1153E-03    2.4029E-14    9.8218E-14      4.3652E-16
  4.100000E-06    4.125000E-06    2.2279E-14    1.8980E-05    3.1343E-03    2.4030E-14    9.8825E-14      4.3922E-16
  4.125000E-06    4.150000E-06    2.2279E-14    1.8980E-05    3.1533E-03    2.4032E-14    9.9432E-14      4.4192E-16
  4.150000E-06    4.175000E-06    2.2279E-14    1.8980E-05    3.1722E-03    2.4033E-14    1.0004E-13      4.4462E-16
  4.175000E-06    4.200000E-06    2.2278E-14    1.8980E-05    3.1912E-03    2.4035E-14    1.0065E-13      4.4732E-16
  4.200000E-06    4.225000E-06    2.2278E-14    1.8980E-05    3.2102E-03    2.4036E-14    1.0125E-13      4.5001E-16
  4.225000E-06    4.250000E-06    2.2278E-14    1.8979E-05    3.2292E-03    2.4038E-14    1.0186E-13      4.5271E-16
  4.250000E-06    4.275000E-06    2.2277E-14    1.8979E-05    3.2482E-03    2.4039E-14    1.0247E-13      4.5541E-16
  4.275000E-06    4.300000E-06    2.2277E-14    1.8979E-05    3.2671E-03    2.4041E-14    1.0307E-13      4.5811E-16
  4.300000E-06    4.325000E-06    2.2277E-14    1.8979E-05    3.2861E-03    2.4042E-14    1.0368E-13      4.6081E-16
  4.325000E-06    4.350000E-06    2.2277E-14    1.8979E-05    3.3051E-03    2.4043E-14    1.0429E-13      4.6350E-16
  4.350000E-06    4.375000E-06    2.2277E-14    1.8978E-05    3.3241E-03    2.4045E-14    1.0490E-13      4.6620E-16
  4.375000E-06    4.400000E-06    2.2276E-14    1.8978E-05    3.3431E-03    2.4046E-14    1.0550E-13      4.6890E-16
  4.400000E-06    4.425000E-06    2.2276E-14    1.8978E-05    3.3620E-03    2.4048E-14    1.0611E-13      4.7160E-16
  4.425000E-06    4.450000E-06    2.2276E-14    1.8978E-05    3.3810E-03    2.4049E-14    1.0672E-13      4.7430E-16
  4.450000E-06    4.475000E-06    2.2276E-14    1.8978E-05    3.4000E-03    2.4051E-14    1.0733E-13      4.7701E-16
  4.475000E-06    4.500000E-06    2.2275E-14    1.8977E-05    3.4190E-03    2.4052E-14    1.0793E-13      4.7971E-16
  4.500000E-06    4.525000E-06    2.2275E-14    1.8977E-05    3.4379E-03    2.4053E-14    1.0854E-13      4.8241E-16
  4.525000E-06    4.550000E-06    2.2275E-14    1.8977E-05    3.4569E-03    2.4055E-14    1.0915E-13      4.8511E-16
  4.550000E-06    4.575000E-06    2.2275E-14    1.8977E-05    3.4759E-03    2.4056E-14    1.0976E-13      4.8781E-16
  4.575000E-06    4.600000E-06    2.2274E-14    1.8976E-05    3.4949E-03    2.4058E-14    1.1036E-13      4.9051E-16
  4.600000E-06    4.625000E-06    2.2274E-14    1.8976E-05    3.5139E-03    2.4059E-14    1.1097E-13      4.9321E-16
  4.625000E-06    4.650000E-06    2.2274E-14    1.8976E-05    3.5328E-03    2.4060E-14    1.1158E-13      4.9591E-16
  4.650000E-06    4.675000E-06    2.2274E-14    1.8976E-05    3.5518E-03    2.4062E-14    1.1219E-13      4.9861E-16
  4.675000E-06    4.700000E-06    2.2273E-14    1.8976E-05    3.5708E-03    2.4063E-14    1.1280E-13      5.0132E-16
  4.700000E-06    4.725000E-06    2.2273E-14    1.8975E-05    3.5898E-03    2.4065E-14    1.1340E-13      5.0402E-16
  4.725000E-06    4.750000E-06    2.2273E-14    1.8975E-05    3.6087E-03    2.4066E-14    1.1401E-13      5.0672E-16
  4.750000E-06    4.775000E-06    2.2273E-14    1.8975E-05    3.6277E-03    2.4067E-14    1.1462E-13      5.0942E-16
  4.775000E-06    4.800000E-06    2.2272E-14    1.8975E-05    3.6467E-03    2.4068E-14    1.1523E-13      5.1212E-16
  4.800000E-06    4.825000E-06    2.2272E-14    1.8975E-05    3.6657E-03    2.4070E-14    1.1584E-13      5.1482E-16
  4.825000E-06    4.850000E-06    2.2272E-14    1.8974E-05    3.6846E-03    2.4071E-14    1.1644E-13      5.1753E-16
  4.850000E-06    4.875000E-06    2.2272E-14    1.8974E-05    3.7036E-03    2.4072E-14    1.1705E-13      5.2023E-16
  4.875000E-06    4.900000E-06    2.2271E-14    1.8974E-05    3.7226E-03    2.4074E-14    1.1766E-13      5.2293E-16
  4.900000E-06    4.925000E-06    2.2271E-14    1.8974E-05    3.7415E-03    2.4075E-14    1.1827E-13      5.2563E-16
  4.925000E-06    4.950000E-06    2.2271E-14    1.8974E-05    3.7605E-03    2.4076E-14    1.1888E-13      5.2834E-16
  4.950000E-06    4.975000E-06    2.2271E-14    1.8974E-05    3.7795E-03    2.4077E-14    1.1948E-13      5.3104E-16
  4.975000E-06    5.000000E-06    2.2271E-14    1.8973E-05    3.7985E-03    2.4079E-14    1.2009E-13      5.3374E-16
  5.000000E-06    5.025000E-06    2.2270E-14    1.8973E-05    3.8174E-03    2.4080E-14    1.2070E-13      5.3645E-16
  5.025000E-06    5.050000E-06    2.2270E-14    1.8973E-05    3.8364E-03    2.4081E-14    1.2131E-13      5.3915E-16
  5.050000E-06    5.075000E-06    2.2270E-14    1.8973E-05    3.8554E-03    2.4082E-14    1.2192E-13      5.4185E-16
  5.075000E-06    5.100000E-06    2.2270E-14    1.8973E-05    3.8744E-03    2.4084E-14    1.2253E-13      5.4456E-16
  5.100000E-06    5.125000E-06    2.2269E-14    1.8972E-05    3.8933E-03    2.4085E-14    1.2313E-13      5.4726E-16
  5.125000E-06    5.150000E-06    2.2269E-14    1.8972E-05    3.9123E-03    2.4086E-14    1.2374E-13      5.4997E-16
  5.150000E-06    5.175000E-06    2.2269E-14    1.8972E-05    3.9313E-03    2.4087E-14    1.2435E-13      5.5267E-16
  5.175000E-06    5.200000E-06    2.2269E-14    1.8972E-05    3.9502E-03    2.4089E-14    1.2496E-13      5.5538E-16
  5.200000E-06    5.225000E-06    2.2268E-14    1.8971E-05    3.9692E-03    2.4090E-14    1.2557E-13      5.5808E-16
  5.225000E-06    5.250000E-06    2.2268E-14    1.8971E-05    3.9882E-03    2.4091E-14    1.2618E-13      5.6079E-16
  5.250000E-06    5.275000E-06    2.2268E-14    1.8971E-05    4.0072E-03    2.4092E-14    1.2679E-13      5.6349E-16
  5.275000E-06    5.300000E-06    2.2268E-14    1.8971E-05    4.0261E-03    2.4094E-14    1.2739E-13      5.6620E-16
  5.300000E-06    5.325000E-06    2.2267E-14    1.8971E-05    4.0451E-03    2.4095E-14    1.2800E-13      5.6890E-16
  5.325000E-06    5.350000E-06    2.2267E-14    1.8970E-05    4.0641E-03    2.4096E-14    1.2861E-13      5.7161E-16
  5.350000E-06    5.375000E-06    2.2267E-14    1.8970E-05    4.0830E-03    2.4097E-14    1.2922E-13      5.7432E-16
  5.375000E-06    5.400000E-06    2.2267E-14    1.8970E-05    4.1020E-03    2.4098E-14    1.2983E-13      5.7702E-16
  5.400000E-06    5.425000E-06    2.2266E-14    1.8970E-05    4.1210E-03    2.4100E-14    1.3044E-13      5.7973E-16
  5.425000E-06    5.450000E-06    2.2266E-14    1.8970E-05    4.1400E-03    2.4101E-14    1.3105E-13      5.8243E-16
  5.450000E-06    5.475000E-06    2.2266E-14    1.8969E-05    4.1589E-03    2.4102E-14    1.3166E-13      5.8514E-16
  5.475000E-06    5.500000E-06    2.2266E-14    1.8969E-05    4.1779E-03    2.4103E-14    1.3226E-13      5.8784E-16
  5.500000E-06    5.525000E-06    2.2266E-14    1.8969E-05    4.1969E-03    2.4104E-14    1.3287E-13      5.9055E-16
  5.525000E-06    5.550000E-06    2.2265E-14    1.8969E-05    4.2158E-03    2.4105E-14    1.3348E-13      5.9326E-16
  5.550000E-06    5.575000E-06    2.2265E-14    1.8969E-05    4.2348E-03    2.4106E-14    1.3409E-13      5.9596E-16
  5.575000E-06    5.600000E-06    2.2265E-14    1.8969E-05    4.2538E-03    2.4108E-14    1.3470E-13      5.9867E-16
  5.600000E-06    5.625000E-06    2.2265E-14    1.8968E-05    4.2727E-03    2.4109E-14    1.3531E-13      6.0138E-16
  5.625000E-06    5.650000E-06    2.2265E-14    1.8968E-05    4.2917E-03    2.4110E-14    1.3592E-13      6.0408E-16
  5.650000E-06    5.675000E-06    2.2264E-14    1.8968E-05    4.3107E-03    2.4111E-14    1.3653E-13      6.0679E-16
  5.675000E-06    5.700000E-06    2.2264E-14    1.8968E-05    4.3296E-03    2.4112E-14    1.3714E-13      6.0950E-16
  5.700000E-06    5.725000E-06    2.2264E-14    1.8968E-05    4.3486E-03    2.4113E-14    1.3775E-13      6.1221E-16
  5.725000E-06    5.750000E-06    2.2264E-14    1.8968E-05    4.3676E-03    2.4114E-14    1.3836E-13      6.1492E-16
  5.750000E-06    5.775000E-06    2.2264E-14    1.8967E-05    4.3865E-03    2.4115E-14    1.3896E-13      6.1762E-16
  5.775000E-06    5.800000E-06    2.2263E-14    1.8967E-05    4.4055E-03    2.4117E-14    1.3957E-13      6.2033E-16
  5.800000E-06    5.825000E-06    2.2263E-14    1.8967E-05    4.4245E-03    2.4118E-14    1.4018E-13      6.2304E-16
  5.825000E-06    5.850000E-06    2.2263E-14    1.8967E-05    4.4434E-03    2.4119E-14    1.4079E-13      6.2575E-16
  5.850000E-06    5.875000E-06    2.2263E-14    1.8967E-05    4.4624E-03    2.4120E-14    1.4140E-13      6.2846E-16
  5.875000E-06    5.900000E-06    2.2262E-14    1.8966E-05    4.4814E-03    2.4121E-14    1.4201E-13      6.3117E-16
  5.900000E-06    5.925000E-06    2.2262E-14    1.8966E-05    4.5003E-03    2.4122E-14    1.4262E-13      6.3388E-16
  5.925000E-06    5.950000E-06    2.2262E-14    1.8966E-05    4.5193E-03    2.4123E-14    1.4323E-13      6.3659E-16
  5.950000E-06    5.975000E-06    2.2262E-14    1.8966E-05    4.5383E-03    2.4124E-14    1.4384E-13      6.3930E-16
  5.975000E-06    6.000000E-06    2.2262E-14    1.8966E-05    4.5572E-03    2.4125E-14    1.4445E-13      6.4200E-16
  6.000000E-06    6.025000E-06    2.2261E-14    1.8965E-05    4.5762E-03    2.4126E-14    1.4506E-13      6.4471E-16
  6.025000E-06    6.050000E-06    2.2261E-14    1.8965E-05    4.5952E-03    2.4127E-14    1.4567E-13      6.4742E-16
  6.050000E-06    6.075000E-06    2.2261E-14    1.8965E-05    4.6141E-03    2.4129E-14    1.4628E-13      6.5013E-16
  6.075000E-06    6.100000E-06    2.2261E-14    1.8965E-05    4.6331E-03    2.4130E-14    1.4689E-13      6.5284E-16
  6.100000E-06    6.125000E-06    2.2261E-14    1.8965E-05    4.6521E-03    2.4131E-14    1.4750E-13      6.5555E-16
  6.125000E-06    6.150000E-06    2.2260E-14    1.8965E-05    4.6710E-03    2.4132E-14    1.4811E-13      6.5826E-16
  6.150000E-06    6.175000E-06    2.2260E-14    1.8964E-05    4.6900E-03    2.4133E-14    1.4872E-13      6.6097E-16
  6.175000E-06    6.200000E-06    2.2260E-14    1.8964E-05    4.7090E-03    2.4134E-14    1.4933E-13      6.6367E-16
  6.200000E-06    6.225000E-06    2.2260E-14    1.8964E-05    4.7279E-03    2.4135E-14    1.4994E-13      6.6639E-16
  6.225000E-06    6.250000E-06    2.2259E-14    1.8964E-05    4.7469E-03    2.4136E-14    1.5055E-13      6.6910E-16
  6.250000E-06    6.275000E-06    2.2259E-14    1.8964E-05    4.7659E-03    2.4137E-14    1.5116E-13      6.7181E-16
  6.275000E-06    6.300000E-06    2.2259E-14    1.8964E-05    4.7848E-03    2.4138E-14    1.5177E-13      6.7452E-16
  6.300000E-06    6.325000E-06    2.2259E-14    1.8963E-05    4.8038E-03    2.4139E-14    1.5238E-13      6.7723E-16
  6.325000E-06    6.350000E-06    2.2259E-14    1.8963E-05    4.8227E-03    2.4140E-14    1.5299E-13      6.7994E-16
  6.350000E-06    6.375000E-06    2.2259E-14    1.8963E-05    4.8417E-03    2.4141E-14    1.5360E-13      6.8265E-16
  6.375000E-06    6.400000E-06    2.2258E-14    1.8963E-05    4.8607E-03    2.4142E-14    1.5421E-13      6.8536E-16
  6.400000E-06    6.425000E-06    2.2258E-14    1.8963E-05    4.8796E-03    2.4143E-14    1.5482E-13      6.8807E-16
  6.425000E-06    6.450000E-06    2.2258E-14    1.8962E-05    4.8986E-03    2.4144E-14    1.5543E-13      6.9078E-16
  6.450000E-06    6.475000E-06    2.2258E-14    1.8962E-05    4.9176E-03    2.4145E-14    1.5604E-13      6.9350E-16
  6.475000E-06    6.500000E-06    2.2257E-14    1.8962E-05    4.9365E-03    2.4146E-14    1.5665E-13      6.9621E-16
  6.500000E-06    6.525000E-06    2.2257E-14    1.8962E-05    4.9555E-03    2.4147E-14    1.5726E-13      6.9892E-16
  6.525000E-06    6.550000E-06    2.2257E-14    1.8962E-05    4.9744E-03    2.4148E-14    1.5787E-13      7.0164E-16
  6.550000E-06    6.575000E-06    2.2257E-14    1.8962E-05    4.9934E-03    2.4149E-14    1.5848E-13      7.0435E-16
  6.575000E-06    6.600000E-06    2.2257E-14    1.8961E-05    5.0124E-03    2.4150E-14    1.5909E-13      7.0706E-16
  6.600000E-06    6.625000E-06    2.2256E-14    1.8961E-05    5.0313E-03    2.4151E-14    1.5970E-13      7.0977E-16
  6.625000E-06    6.650000E-06    2.2256E-14    1.8961E-05    5.0503E-03    2.4152E-14    1.6031E-13      7.1248E-16
  6.650000E-06    6.675000E-06    2.2256E-14    1.8961E-05    5.0692E-03    2.4153E-14    1.6092E-13      7.1519E-16
  6.675000E-06    6.700000E-06    2.2256E-14    1.8961E-05    5.0882E-03    2.4154E-14    1.6153E-13      7.1791E-16
  6.700000E-06    6.725000E-06    2.2255E-14    1.8960E-05    5.1072E-03    2.4155E-14    1.6214E-13      7.2062E-16
  6.725000E-06    6.750000E-06    2.2255E-14    1.8960E-05    5.1261E-03    2.4156E-14    1.6275E-13      7.2333E-16
  6.750000E-06    6.775000E-06    2.2255E-14    1.8960E-05    5.1451E-03    2.4157E-14    1.6336E-13      7.2605E-16
  6.775000E-06    6.800000E-06    2.2255E-14    1.8960E-05    5.1640E-03    2.4158E-14    1.6397E-13      7.2876E-16
  6.800000E-06    6.825000E-06    2.2255E-14    1.8960E-05    5.1830E-03    2.4159E-14    1.6458E-13      7.3147E-16
  6.825000E-06    6.850000E-06    2.2254E-14    1.8960E-05    5.2020E-03    2.4160E-14    1.6519E-13      7.3418E-16
  6.850000E-06    6.875000E-06    2.2254E-14    1.8959E-05    5.2209E-03    2.4160E-14    1.6580E-13      7.3689E-16
  6.875000E-06    6.900000E-06    2.2254E-14    1.8959E-05    5.2399E-03    2.4161E-14    1.6641E-13      7.3961E-16
  6.900000E-06    6.925000E-06    2.2254E-14    1.8959E-05    5.2588E-03    2.4162E-14    1.6702E-13      7.4232E-16
  6.925000E-06    6.950000E-06    2.2254E-14    1.8959E-05    5.2778E-03    2.4163E-14    1.6763E-13      7.4503E-16
  6.950000E-06    6.975000E-06    2.2254E-14    1.8959E-05    5.2968E-03    2.4164E-14    1.6824E-13      7.4775E-16
  6.975000E-06    7.000000E-06    2.2253E-14    1.8959E-05    5.3157E-03    2.4165E-14    1.6885E-13      7.5046E-16
  7.000000E-06    7.025000E-06    2.2253E-14    1.8958E-05    5.3347E-03    2.4166E-14    1.6946E-13      7.5318E-16
  7.025000E-06    7.050000E-06    2.2253E-14    1.8958E-05    5.3536E-03    2.4167E-14    1.7008E-13      7.5589E-16
  7.050000E-06    7.075000E-06    2.2253E-14    1.8958E-05    5.3726E-03    2.4168E-14    1.7069E-13      7.5861E-16
  7.075000E-06    7.100000E-06    2.2253E-14    1.8958E-05    5.3916E-03    2.4169E-14    1.7130E-13      7.6132E-16
  7.100000E-06    7.125000E-06    2.2252E-14    1.8958E-05    5.4105E-03    2.4170E-14    1.7191E-13      7.6403E-16
  7.125000E-06    7.150000E-06    2.2252E-14    1.8958E-05    5.4295E-03    2.4171E-14    1.7252E-13      7.6675E-16
  7.150000E-06    7.175000E-06    2.2252E-14    1.8957E-05    5.4484E-03    2.4172E-14    1.7313E-13      7.6947E-16
  7.175000E-06    7.200000E-06    2.2252E-14    1.8957E-05    5.4674E-03    2.4173E-14    1.7374E-13      7.7218E-16
  7.200000E-06    7.225000E-06    2.2252E-14    1.8957E-05    5.4863E-03    2.4173E-14    1.7435E-13      7.7489E-16
  7.225000E-06    7.250000E-06    2.2251E-14    1.8957E-05    5.5053E-03    2.4174E-14    1.7496E-13      7.7761E-16
  7.250000E-06    7.275000E-06    2.2251E-14    1.8957E-05    5.5243E-03    2.4175E-14    1.7557E-13      7.8032E-16
  7.275000E-06    7.300000E-06    2.2251E-14    1.8957E-05    5.5432E-03    2.4176E-14    1.7618E-13      7.8303E-16
  7.300000E-06    7.325000E-06    2.2251E-14    1.8956E-05    5.5622E-03    2.4177E-14    1.7679E-13      7.8575E-16
  7.325000E-06    7.350000E-06    2.2251E-14    1.8956E-05    5.5811E-03    2.4178E-14    1.7740E-13      7.8846E-16
  7.350000E-06    7.375000E-06    2.2250E-14    1.8956E-05    5.6001E-03    2.4178E-14    1.7801E-13      7.9117E-16
  7.375000E-06    7.400000E-06    2.2250E-14    1.8956E-05    5.6190E-03    2.4179E-14    1.7863E-13      7.9389E-16
  7.400000E-06    7.425000E-06    2.2250E-14    1.8956E-05    5.6380E-03    2.4180E-14    1.7924E-13      7.9661E-16
  7.425000E-06    7.450000E-06    2.2250E-14    1.8955E-05    5.6569E-03    2.4181E-14    1.7985E-13      7.9932E-16
  7.450000E-06    7.475000E-06    2.2250E-14    1.8955E-05    5.6759E-03    2.4182E-14    1.8046E-13      8.0204E-16
  7.475000E-06    7.500000E-06    2.2249E-14    1.8955E-05    5.6949E-03    2.4183E-14    1.8107E-13      8.0475E-16
  7.500000E-06    7.525000E-06    2.2249E-14    1.8955E-05    5.7138E-03    2.4184E-14    1.8168E-13      8.0747E-16
  7.525000E-06    7.550000E-06    2.2249E-14    1.8955E-05    5.7328E-03    2.4185E-14    1.8229E-13      8.1018E-16
  7.550000E-06    7.575000E-06    2.2249E-14    1.8955E-05    5.7517E-03    2.4185E-14    1.8290E-13      8.1290E-16
  7.575000E-06    7.600000E-06    2.2249E-14    1.8955E-05    5.7707E-03    2.4186E-14    1.8351E-13      8.1561E-16
  7.600000E-06    7.625000E-06    2.2248E-14    1.8954E-05    5.7896E-03    2.4187E-14    1.8412E-13      8.1833E-16
  7.625000E-06    7.650000E-06    2.2248E-14    1.8954E-05    5.8086E-03    2.4188E-14    1.8473E-13      8.2104E-16
  7.650000E-06    7.675000E-06    2.2248E-14    1.8954E-05    5.8275E-03    2.4189E-14    1.8535E-13      8.2376E-16
  7.675000E-06    7.700000E-06    2.2248E-14    1.8954E-05    5.8465E-03    2.4190E-14    1.8596E-13      8.2648E-16
  7.700000E-06    7.725000E-06    2.2248E-14    1.8954E-05    5.8654E-03    2.4190E-14    1.8657E-13      8.2919E-16
  7.725000E-06    7.750000E-06    2.2247E-14    1.8954E-05    5.8844E-03    2.4191E-14    1.8718E-13      8.3191E-16
  7.750000E-06    7.775000E-06    2.2247E-14    1.8953E-05    5.9034E-03    2.4192E-14    1.8779E-13      8.3462E-16
  7.775000E-06    7.800000E-06    2.2247E-14    1.8953E-05    5.9223E-03    2.4193E-14    1.8840E-13      8.3734E-16
  7.800000E-06    7.825000E-06    2.2247E-14    1.8953E-05    5.9413E-03    2.4194E-14    1.8901E-13      8.4006E-16
  7.825000E-06    7.850000E-06    2.2247E-14    1.8953E-05    5.9602E-03    2.4194E-14    1.8962E-13      8.4277E-16
  7.850000E-06    7.875000E-06    2.2247E-14    1.8953E-05    5.9792E-03    2.4195E-14    1.9024E-13      8.4549E-16
  7.875000E-06    7.900000E-06    2.2246E-14    1.8952E-05    5.9981E-03    2.4196E-14    1.9085E-13      8.4821E-16
  7.900000E-06    7.925000E-06    2.2246E-14    1.8952E-05    6.0171E-03    2.4197E-14    1.9146E-13      8.5092E-16
  7.925000E-06    7.950000E-06    2.2246E-14    1.8952E-05    6.0360E-03    2.4198E-14    1.9207E-13      8.5364E-16
  7.950000E-06    7.975000E-06    2.2245E-14    1.8952E-05    6.0550E-03    2.4199E-14    1.9268E-13      8.5636E-16
  7.975000E-06    8.000000E-06    2.2245E-14    1.8952E-05    6.0739E-03    2.4199E-14    1.9329E-13      8.5908E-16
  8.000000E-06    8.025000E-06    2.2245E-14    1.8952E-05    6.0929E-03    2.4200E-14    1.9390E-13      8.6179E-16
  8.025000E-06    8.050000E-06    2.2245E-14    1.8951E-05    6.1118E-03    2.4201E-14    1.9452E-13      8.6451E-16
  8.050000E-06    8.075000E-06    2.2245E-14    1.8951E-05    6.1308E-03    2.4202E-14    1.9513E-13      8.6723E-16
  8.075000E-06    8.100000E-06    2.2245E-14    1.8951E-05    6.1497E-03    2.4203E-14    1.9574E-13      8.6995E-16
  8.100000E-06    8.125000E-06    2.2244E-14    1.8951E-05    6.1687E-03    2.4203E-14    1.9635E-13      8.7267E-16
  8.125000E-06    8.150000E-06    2.2244E-14    1.8951E-05    6.1876E-03    2.4204E-14    1.9696E-13      8.7539E-16
  8.150000E-06    8.175000E-06    2.2244E-14    1.8950E-05    6.2066E-03    2.4205E-14    1.9757E-13      8.7811E-16
  8.175000E-06    8.200000E-06    2.2244E-14    1.8950E-05    6.2255E-03    2.4206E-14    1.9819E-13      8.8083E-16
  8.200000E-06    8.225000E-06    2.2243E-14    1.8950E-05    6.2445E-03    2.4207E-14    1.9880E-13      8.8354E-16
  8.225000E-06    8.250000E-06    2.2243E-14    1.8950E-05    6.2634E-03    2.4207E-14    1.9941E-13      8.8626E-16
  8.250000E-06    8.275000E-06    2.2243E-14    1.8950E-05    6.2824E-03    2.4208E-14    2.0002E-13      8.8898E-16
  8.275000E-06    8.300000E-06    2.2243E-14    1.8950E-05    6.3013E-03    2.4209E-14    2.0063E-13      8.9170E-16
  8.300000E-06    8.325000E-06    2.2243E-14    1.8949E-05    6.3203E-03    2.4210E-14    2.0124E-13      8.9441E-16
  8.325000E-06    8.350000E-06    2.2242E-14    1.8949E-05    6.3392E-03    2.4210E-14    2.0185E-13      8.9713E-16
  8.350000E-06    8.375000E-06    2.2242E-14    1.8949E-05    6.3582E-03    2.4211E-14    2.0247E-13      8.9985E-16
  8.375000E-06    8.400000E-06    2.2242E-14    1.8949E-05    6.3771E-03    2.4212E-14    2.0308E-13      9.0256E-16
  8.400000E-06    8.425000E-06    2.2242E-14    1.8949E-05    6.3961E-03    2.4213E-14    2.0369E-13      9.0529E-16
  8.425000E-06    8.450000E-06    2.2242E-14    1.8949E-05    6.4150E-03    2.4213E-14    2.0430E-13      9.0800E-16
  8.450000E-06    8.475000E-06    2.2241E-14    1.8948E-05    6.4340E-03    2.4214E-14    2.0491E-13      9.1072E-16
  8.475000E-06    8.500000E-06    2.2241E-14    1.8948E-05    6.4529E-03    2.4215E-14    2.0552E-13      9.1344E-16
  8.500000E-06    8.525000E-06    2.2241E-14    1.8948E-05    6.4719E-03    2.4216E-14    2.0614E-13      9.1616E-16
  8.525000E-06    8.550000E-06    2.2241E-14    1.8948E-05    6.4908E-03    2.4216E-14    2.0675E-13      9.1888E-16
  8.550000E-06    8.575000E-06    2.2241E-14    1.8948E-05    6.5098E-03    2.4217E-14    2.0736E-13      9.2160E-16
  8.575000E-06    8.600000E-06    2.2240E-14    1.8948E-05    6.5287E-03    2.4218E-14    2.0797E-13      9.2431E-16
  8.600000E-06    8.625000E-06    2.2240E-14    1.8947E-05    6.5477E-03    2.4219E-14    2.0858E-13      9.2704E-16
  8.625000E-06    8.650000E-06    2.2240E-14    1.8947E-05    6.5666E-03    2.4220E-14    2.0920E-13      9.2976E-16
  8.650000E-06    8.675000E-06    2.2240E-14    1.8947E-05    6.5856E-03    2.4220E-14    2.0981E-13      9.3248E-16
  8.675000E-06    8.700000E-06    2.2240E-14    1.8947E-05    6.6045E-03    2.4221E-14    2.1042E-13      9.3520E-16
  8.700000E-06    8.725000E-06    2.2240E-14    1.8947E-05    6.6234E-03    2.4222E-14    2.1103E-13      9.3792E-16
  8.725000E-06    8.750000E-06    2.2239E-14    1.8947E-05    6.6424E-03    2.4222E-14    2.1164E-13      9.4064E-16
  8.750000E-06    8.775000E-06    2.2239E-14    1.8947E-05    6.6613E-03    2.4223E-14    2.1225E-13      9.4335E-16
  8.775000E-06    8.800000E-06    2.2239E-14    1.8946E-05    6.6803E-03    2.4224E-14    2.1287E-13      9.4607E-16
  8.800000E-06    8.825000E-06    2.2239E-14    1.8946E-05    6.6992E-03    2.4225E-14    2.1348E-13      9.4880E-16
  8.825000E-06    8.850000E-06    2.2239E-14    1.8946E-05    6.7182E-03    2.4225E-14    2.1409E-13      9.5151E-16
  8.850000E-06    8.875000E-06    2.2238E-14    1.8946E-05    6.7371E-03    2.4226E-14    2.1470E-13      9.5423E-16
  8.875000E-06    8.900000E-06    2.2238E-14    1.8946E-05    6.7561E-03    2.4227E-14    2.1531E-13      9.5695E-16
  8.900000E-06    8.925000E-06    2.2238E-14    1.8945E-05    6.7750E-03    2.4227E-14    2.1593E-13      9.5967E-16
  8.925000E-06    8.950000E-06    2.2238E-14    1.8945E-05    6.7940E-03    2.4228E-14    2.1654E-13      9.6240E-16
  8.950000E-06    8.975000E-06    2.2238E-14    1.8945E-05    6.8129E-03    2.4229E-14    2.1715E-13      9.6511E-16
  8.975000E-06    9.000000E-06    2.2237E-14    1.8945E-05    6.8319E-03    2.4229E-14    2.1776E-13      9.6783E-16
  9.000000E-06    9.025000E-06    2.2237E-14    1.8945E-05    6.8508E-03    2.4230E-14    2.1837E-13      9.7055E-16
  9.025000E-06    9.050000E-06    2.2237E-14    1.8945E-05    6.8697E-03    2.4231E-14    2.1899E-13      9.7328E-16
  9.050000E-06    9.075000E-06    2.2237E-14    1.8944E-05    6.8887E-03    2.4232E-14    2.1960E-13      9.7600E-16
  9.075000E-06    9.100000E-06    2.2236E-14    1.8944E-05    6.9076E-03    2.4232E-14    2.2021E-13      9.7872E-16
  9.100000E-06    9.125000E-06    2.2236E-14    1.8944E-05    6.9266E-03    2.4233E-14    2.2083E-13      9.8145E-16
  9.125000E-06    9.150000E-06    2.2236E-14    1.8944E-05    6.9455E-03    2.4234E-14    2.2144E-13      9.8417E-16
  9.150000E-06    9.175000E-06    2.2236E-14    1.8944E-05    6.9645E-03    2.4235E-14    2.2205E-13      9.8689E-16
  9.175000E-06    9.200000E-06    2.2236E-14    1.8944E-05    6.9834E-03    2.4235E-14    2.2266E-13      9.8961E-16
  9.200000E-06    9.225000E-06    2.2235E-14    1.8943E-05    7.0024E-03    2.4236E-14    2.2328E-13      9.9234E-16
  9.225000E-06    9.250000E-06    2.2235E-14    1.8943E-05    7.0213E-03    2.4237E-14    2.2389E-13      9.9506E-16
  9.250000E-06    9.275000E-06    2.2235E-14    1.8943E-05    7.0402E-03    2.4237E-14    2.2450E-13      9.9778E-16
  9.275000E-06    9.300000E-06    2.2235E-14    1.8943E-05    7.0592E-03    2.4242E-14    2.2515E-13      1.0007E-15
  9.300000E-06    9.325000E-06    2.2235E-14    1.8943E-05    7.0781E-03    2.4244E-14    2.2577E-13      1.0034E-15
  9.325000E-06    9.350000E-06    2.2235E-14    1.8943E-05    7.0971E-03    2.4244E-14    2.2638E-13      1.0061E-15
  9.350000E-06    9.375000E-06    2.2234E-14    1.8943E-05    7.1160E-03    2.4244E-14    2.2698E-13      1.0088E-15
  9.375000E-06    9.400000E-06    2.2234E-14    1.8942E-05    7.1350E-03    2.4244E-14    2.2759E-13      1.0115E-15
  9.400000E-06    9.425000E-06    2.2234E-14    1.8942E-05    7.1539E-03    2.4244E-14    2.2820E-13      1.0142E-15
  9.425000E-06    9.450000E-06    2.2234E-14    1.8942E-05    7.1728E-03    2.4244E-14    2.2880E-13      1.0169E-15
  9.450000E-06    9.475000E-06    2.2234E-14    1.8942E-05    7.1918E-03    2.4244E-14    2.2941E-13      1.0196E-15
  9.475000E-06    9.500000E-06    2.2233E-14    1.8942E-05    7.2107E-03    2.4244E-14    2.3001E-13      1.0223E-15
  9.500000E-06    9.525000E-06    2.2233E-14    1.8941E-05    7.2297E-03    2.4244E-14    2.3062E-13      1.0250E-15
  9.525000E-06    9.550000E-06    2.2233E-14    1.8941E-05    7.2486E-03    2.4244E-14    2.3123E-13      1.0277E-15
  9.550000E-06    9.575000E-06    2.2233E-14    1.8941E-05    7.2675E-03    2.4244E-14    2.3183E-13      1.0304E-15
  9.575000E-06    9.600000E-06    2.2232E-14    1.8941E-05    7.2865E-03    2.4244E-14    2.3244E-13      1.0331E-15
  9.600000E-06    9.625000E-06    2.2232E-14    1.8941E-05    7.3054E-03    2.4244E-14    2.3304E-13      1.0358E-15
  9.625000E-06    9.650000E-06    2.2232E-14    1.8941E-05    7.3244E-03    2.4244E-14    2.3365E-13      1.0384E-15
  9.650000E-06    9.675000E-06    2.2232E-14    1.8940E-05    7.3433E-03    2.4244E-14    2.3426E-13      1.0411E-15
  9.675000E-06    9.700000E-06    2.2232E-14    1.8940E-05    7.3622E-03    2.4244E-14    2.3486E-13      1.0438E-15
  9.700000E-06    9.725000E-06    2.2232E-14    1.8940E-05    7.3812E-03    2.4249E-14    2.3552E-13      1.0467E-15
  9.725000E-06    9.750000E-06    2.2232E-14    1.8940E-05    7.4001E-03    2.4255E-14    2.3619E-13      1.0497E-15
  9.750000E-06    9.775000E-06    2.2231E-14    1.8940E-05    7.4191E-03    2.4255E-14    2.3679E-13      1.0524E-15
  9.775000E-06    9.800000E-06    2.2231E-14    1.8940E-05    7.4380E-03    2.4255E-14    2.3740E-13      1.0551E-15
  9.800000E-06    9.825000E-06    2.2231E-14    1.8940E-05    7.4569E-03    2.4255E-14    2.3801E-13      1.0578E-15
  9.825000E-06    9.850000E-06    2.2231E-14    1.8939E-05    7.4759E-03    2.4255E-14    2.3861E-13      1.0605E-15
  9.850000E-06    9.875000E-06    2.2231E-14    1.8939E-05    7.4948E-03    2.4255E-14    2.3922E-13      1.0632E-15
  9.875000E-06    9.900000E-06    2.2231E-14    1.8939E-05    7.5138E-03    2.4255E-14    2.3983E-13      1.0659E-15
  9.900000E-06    9.925000E-06    2.2230E-14    1.8939E-05    7.5327E-03    2.4255E-14    2.4043E-13      1.0686E-15
  9.925000E-06    9.950000E-06    2.2230E-14    1.8939E-05    7.5516E-03    2.4255E-14    2.4104E-13      1.0713E-15
  9.950000E-06    9.975000E-06    2.2230E-14    1.8939E-05    7.5706E-03    2.4255E-14    2.4165E-13      1.0740E-15
  9.975000E-06    1.000000E-05    2.2230E-14    1.8939E-05    7.5895E-03    2.4255E-14    2.4225E-13      1.0767E-15
  1.000000E-05    1.047100E-05    4.1877E-13    3.5677E-04    7.9463E-03    4.5711E-13    4.6788E-12      2.0795E-14
  1.047100E-05    1.096500E-05    4.3915E-13    3.7413E-04    8.3204E-03    4.7967E-13    5.1411E-12      2.2849E-14
  1.096500E-05    1.148200E-05    4.5952E-13    3.9148E-04    8.7119E-03    5.0224E-13    5.6369E-12      2.5053E-14
  1.148200E-05    1.202300E-05    4.8077E-13    4.0959E-04    9.1215E-03    5.2581E-13    6.1795E-12      2.7465E-14
  1.202300E-05    1.258900E-05    5.0289E-13    4.2844E-04    9.5499E-03    5.5036E-13    6.7727E-12      3.0101E-14
  1.258900E-05    1.318300E-05    5.2767E-13    4.4954E-04    9.9995E-03    5.7786E-13    7.4463E-12      3.3094E-14
  1.318300E-05    1.380400E-05    5.5154E-13    4.6988E-04    1.0469E-02    6.0440E-13    8.1555E-12      3.6247E-14
  1.380400E-05    1.445400E-05    5.7717E-13    4.9172E-04    1.0961E-02    6.3291E-13    8.9424E-12      3.9744E-14
  1.445400E-05    1.513600E-05    6.0545E-13    5.1581E-04    1.1477E-02    6.6437E-13    9.8293E-12      4.3686E-14
  1.513600E-05    1.584900E-05    6.3283E-13    5.3913E-04    1.2016E-02    6.9488E-13    1.0765E-11      4.7846E-14
  1.584900E-05    1.659600E-05    6.6284E-13    5.6470E-04    1.2581E-02    7.2833E-13    1.1815E-11      5.2513E-14
  1.659600E-05    1.737800E-05    6.9373E-13    5.9102E-04    1.3172E-02    7.6279E-13    1.2957E-11      5.7589E-14
  1.737800E-05    1.819700E-05    7.2636E-13    6.1882E-04    1.3791E-02    7.9921E-13    1.4216E-11      6.3182E-14
  1.819700E-05    1.905500E-05    7.6074E-13    6.4811E-04    1.4439E-02    8.3762E-13    1.5601E-11      6.9340E-14
  1.905500E-05    1.995300E-05    7.9597E-13    6.7812E-04    1.5117E-02    8.7702E-13    1.7105E-11      7.6024E-14
  1.995300E-05    2.089300E-05    8.3295E-13    7.0963E-04    1.5826E-02    9.1840E-13    1.8757E-11      8.3363E-14
  2.089300E-05    2.187800E-05    8.7255E-13    7.4336E-04    1.6570E-02    9.6274E-13    2.0589E-11      9.1505E-14
  2.187800E-05    2.290900E-05    9.1300E-13    7.7782E-04    1.7348E-02    1.0081E-12    2.2574E-11      1.0033E-13
  2.290900E-05    2.398800E-05    9.5517E-13    8.1375E-04    1.8161E-02    1.0554E-12    2.4747E-11      1.0999E-13
  2.398800E-05    2.511900E-05    1.0008E-12    8.5266E-04    1.9014E-02    1.1066E-12    2.7171E-11      1.2076E-13
  2.511900E-05    2.630300E-05    1.0473E-12    8.9227E-04    1.9906E-02    1.1588E-12    2.9795E-11      1.3242E-13
  2.630300E-05    2.754200E-05    1.0955E-12    9.3333E-04    2.0840E-02    1.2130E-12    3.2657E-11      1.4514E-13
  2.754200E-05    2.884000E-05    1.1472E-12    9.7735E-04    2.1817E-02    1.2711E-12    3.5834E-11      1.5926E-13
  2.884000E-05    3.020000E-05    1.2014E-12    1.0236E-03    2.2841E-02    1.3322E-12    3.9325E-11      1.7478E-13
  3.020000E-05    3.162300E-05    1.2565E-12    1.0705E-03    2.3911E-02    1.3942E-12    4.3096E-11      1.9154E-13
  3.162300E-05    3.311300E-05    1.3150E-12    1.1203E-03    2.5031E-02    1.4601E-12    4.7260E-11      2.1005E-13
  3.311300E-05    3.467400E-05    1.3768E-12    1.1730E-03    2.6204E-02    1.5299E-12    5.1854E-11      2.3046E-13
  3.467400E-05    3.630800E-05    1.4404E-12    1.2271E-03    2.7431E-02    1.6017E-12    5.6845E-11      2.5264E-13
  3.630800E-05    3.801900E-05    1.5073E-12    1.2842E-03    2.8716E-02    1.6773E-12    6.2335E-11      2.7704E-13
  3.801900E-05    3.981100E-05    1.5777E-12    1.3441E-03    3.0060E-02    1.7568E-12    6.8367E-11      3.0385E-13
  3.981100E-05    4.168700E-05    1.6505E-12    1.4061E-03    3.1466E-02    1.8392E-12    7.4947E-11      3.3310E-13
  4.168700E-05    4.365200E-05    1.7275E-12    1.4718E-03    3.2938E-02    1.9265E-12    8.2203E-11      3.6535E-13
  4.365200E-05    4.570900E-05    1.8070E-12    1.5395E-03    3.4477E-02    2.0167E-12    9.0105E-11      4.0047E-13
  4.570900E-05    4.786300E-05    1.8907E-12    1.6108E-03    3.6088E-02    2.1116E-12    9.8794E-11      4.3909E-13
  4.786300E-05    5.011900E-05    1.9786E-12    1.6857E-03    3.7773E-02    2.2114E-12    1.0834E-10      4.8150E-13
  5.011900E-05    5.248100E-05    2.0698E-12    1.7633E-03    3.9537E-02    2.3150E-12    1.1876E-10      5.2781E-13
  5.248100E-05    5.495400E-05    2.1651E-12    1.8445E-03    4.1381E-02    2.4233E-12    1.3018E-10      5.7856E-13
  5.495400E-05    5.754400E-05    2.2653E-12    1.9299E-03    4.3311E-02    2.5374E-12    1.4273E-10      6.3435E-13
  5.754400E-05    6.025600E-05    2.3697E-12    2.0188E-03    4.5330E-02    2.6563E-12    1.5645E-10      6.9535E-13
  6.025600E-05    6.309600E-05    2.4789E-12    2.1119E-03    4.7442E-02    2.7808E-12    1.7151E-10      7.6226E-13
  6.309600E-05    6.606900E-05    2.5922E-12    2.2084E-03    4.9650E-02    2.9100E-12    1.8793E-10      8.3527E-13
  6.606900E-05    6.918300E-05    2.7120E-12    2.3105E-03    5.1961E-02    3.0468E-12    2.0604E-10      9.1575E-13
  6.918300E-05    7.244400E-05    2.8367E-12    2.4167E-03    5.4377E-02    3.1893E-12    2.2584E-10      1.0037E-12
  7.244400E-05    7.585800E-05    2.9661E-12    2.5269E-03    5.6904E-02    3.3373E-12    2.4746E-10      1.0998E-12
  7.585800E-05    7.943300E-05    3.1020E-12    2.6427E-03    5.9547E-02    3.4928E-12    2.7120E-10      1.2054E-12
  7.943300E-05    8.317600E-05    3.2434E-12    2.7632E-03    6.2310E-02    3.6549E-12    2.9716E-10      1.3207E-12
  8.317600E-05    8.709600E-05    3.3921E-12    2.8899E-03    6.5200E-02    3.8254E-12    3.2568E-10      1.4474E-12
  8.709600E-05    9.120100E-05    3.5471E-12    3.0219E-03    6.8222E-02    4.0032E-12    3.5688E-10      1.5861E-12
  9.120100E-05    9.549900E-05    3.7084E-12    3.1593E-03    7.1381E-02    4.1884E-12    3.9098E-10      1.7377E-12
  9.549900E-05    1.000000E-04    3.8775E-12    3.3034E-03    7.4685E-02    4.3828E-12    4.2841E-10      1.9041E-12
  1.000000E-04    1.047100E-04    4.0511E-12    3.4513E-03    7.8136E-02    4.5824E-12    4.6903E-10      2.0846E-12
  1.047100E-04    1.096500E-04    4.2419E-12    3.6138E-03    8.1750E-02    4.8019E-12    5.1467E-10      2.2874E-12
  1.096500E-04    1.148200E-04    4.4317E-12    3.7756E-03    8.5526E-02    5.0208E-12    5.6351E-10      2.5045E-12
  1.148200E-04    1.202300E-04    4.6292E-12    3.9438E-03    8.9469E-02    5.2488E-12    6.1686E-10      2.7416E-12
  1.202300E-04    1.258900E-04    4.8343E-12    4.1186E-03    9.3588E-02    5.4975E-12    6.7653E-10      3.0068E-12
  1.258900E-04    1.318300E-04    5.0639E-12    4.3142E-03    9.7902E-02    5.7853E-12    7.4550E-10      3.3133E-12
  1.318300E-04    1.380400E-04    5.2839E-12    4.5016E-03    1.0240E-01    6.0680E-12    8.1878E-10      3.6390E-12
  1.380400E-04    1.445400E-04    5.5469E-12    4.7256E-03    1.0713E-01    6.3619E-12    8.9887E-10      3.9950E-12
  1.445400E-04    1.513600E-04    5.8216E-12    4.9596E-03    1.1209E-01    6.6808E-12    9.8842E-10      4.3930E-12
  1.513600E-04    1.584900E-04    6.1125E-12    5.2075E-03    1.1730E-01    6.9921E-12    1.0832E-09      4.8144E-12
  1.584900E-04    1.659600E-04    6.3846E-12    5.4393E-03    1.2274E-01    7.3121E-12    1.1862E-09      5.2720E-12
  1.659600E-04    1.737800E-04    6.7002E-12    5.7082E-03    1.2844E-01    7.6358E-12    1.2971E-09      5.7648E-12
  1.737800E-04    1.819700E-04    7.0041E-12    5.9671E-03    1.3441E-01    7.9783E-12    1.4191E-09      6.3073E-12
  1.819700E-04    1.905500E-04    7.3120E-12    6.2294E-03    1.4064E-01    8.3689E-12    1.5588E-09      6.9280E-12
  1.905500E-04    1.995300E-04    7.6272E-12    6.4979E-03    1.4714E-01    8.6707E-12    1.6911E-09      7.5162E-12
  1.995300E-04    2.089300E-04    7.9579E-12    6.7797E-03    1.5392E-01    8.7624E-12    1.7895E-09      7.9535E-12
  2.089300E-04    2.187800E-04    8.3595E-12    7.1218E-03    1.6104E-01    8.7788E-12    1.8774E-09      8.3440E-12
  2.187800E-04    2.290900E-04    8.5870E-12    7.3156E-03    1.6836E-01    8.7874E-12    1.9678E-09      8.7458E-12
  2.290900E-04    2.398800E-04    8.5939E-12    7.3215E-03    1.7568E-01    8.7931E-12    2.0618E-09      9.1638E-12
  2.398800E-04    2.511900E-04    8.6098E-12    7.3350E-03    1.8301E-01    8.8172E-12    2.1649E-09      9.6219E-12
  2.511900E-04    2.630300E-04    8.6194E-12    7.3432E-03    1.9036E-01    8.8401E-12    2.2729E-09      1.0102E-11
  2.630300E-04    2.754200E-04    8.6210E-12    7.3446E-03    1.9770E-01    8.8665E-12    2.3871E-09      1.0609E-11
  2.754200E-04    2.884000E-04    8.6407E-12    7.3614E-03    2.0506E-01    8.9043E-12    2.5102E-09      1.1156E-11
  2.884000E-04    3.020000E-04    8.6715E-12    7.3876E-03    2.1245E-01    8.9470E-12    2.6412E-09      1.1738E-11
  3.020000E-04    3.162300E-04    8.6952E-12    7.4078E-03    2.1986E-01    8.9836E-12    2.7770E-09      1.2342E-11
  3.162300E-04    3.311300E-04    8.7257E-12    7.4338E-03    2.2729E-01    9.0297E-12    2.9227E-09      1.2990E-11
  3.311300E-04    3.467400E-04    8.7654E-12    7.4676E-03    2.3476E-01    9.0781E-12    3.0769E-09      1.3675E-11
  3.467400E-04    3.630800E-04    8.8038E-12    7.5004E-03    2.4226E-01    9.1235E-12    3.2380E-09      1.4391E-11
  3.630800E-04    3.801900E-04    8.8472E-12    7.5373E-03    2.4980E-01    9.1788E-12    3.4111E-09      1.5161E-11
  3.801900E-04    3.981100E-04    8.8891E-12    7.5730E-03    2.5737E-01    9.2393E-12    3.5955E-09      1.5980E-11
  3.981100E-04    4.168700E-04    8.9327E-12    7.6101E-03    2.6498E-01    9.3074E-12    3.7927E-09      1.6856E-11
  4.168700E-04    4.365200E-04    8.9874E-12    7.6568E-03    2.7264E-01    9.3775E-12    4.0013E-09      1.7784E-11
  4.365200E-04    4.570900E-04    9.0395E-12    7.7012E-03    2.8034E-01    9.4463E-12    4.2207E-09      1.8758E-11
  4.570900E-04    4.786300E-04    9.1065E-12    7.7583E-03    2.8810E-01    9.5242E-12    4.4560E-09      1.9804E-11
  4.786300E-04    5.011900E-04    9.1744E-12    7.8160E-03    2.9591E-01    9.6025E-12    4.7044E-09      2.0908E-11
  5.011900E-04    5.248100E-04    9.2433E-12    7.8748E-03    3.0379E-01    9.6746E-12    4.9631E-09      2.2058E-11
  5.248100E-04    5.495400E-04    9.3158E-12    7.9365E-03    3.1172E-01    9.7541E-12    5.2397E-09      2.3287E-11
  5.495400E-04    5.754400E-04    9.3890E-12    7.9989E-03    3.1972E-01    9.8385E-12    5.5341E-09      2.4596E-11
  5.754400E-04    6.025600E-04    9.4568E-12    8.0566E-03    3.2778E-01    9.9203E-12    5.8431E-09      2.5969E-11
  6.025600E-04    6.309600E-04    9.5327E-12    8.1213E-03    3.3590E-01    1.0007E-11    6.1720E-09      2.7431E-11
  6.309600E-04    6.606900E-04    9.6076E-12    8.1852E-03    3.4408E-01    1.0098E-11    6.5214E-09      2.8984E-11
  6.606900E-04    6.918300E-04    9.6866E-12    8.2524E-03    3.5234E-01    1.0199E-11    6.8973E-09      3.0655E-11
  6.918300E-04    7.244400E-04    9.7668E-12    8.3208E-03    3.6066E-01    1.0291E-11    7.2877E-09      3.2390E-11
  7.244400E-04    7.585800E-04    9.8509E-12    8.3924E-03    3.6905E-01    1.0373E-11    7.6917E-09      3.4185E-11
  7.585800E-04    7.943300E-04    9.9448E-12    8.4724E-03    3.7752E-01    1.0452E-11    8.1158E-09      3.6070E-11
  7.943300E-04    8.317600E-04    1.0031E-11    8.5457E-03    3.8607E-01    1.0531E-11    8.5619E-09      3.8053E-11
  8.317600E-04    8.709600E-04    1.0112E-11    8.6150E-03    3.9468E-01    1.0615E-11    9.0369E-09      4.0164E-11
  8.709600E-04    9.120100E-04    1.0186E-11    8.6781E-03    4.0336E-01    1.0701E-11    9.5397E-09      4.2399E-11
  9.120100E-04    9.549900E-04    1.0259E-11    8.7397E-03    4.1210E-01    1.0792E-11    1.0074E-08      4.4775E-11
  9.549900E-04    1.000000E-03    1.0335E-11    8.8050E-03    4.2091E-01    1.0893E-11    1.0648E-08      4.7324E-11
  1.000000E-03    1.047100E-03    1.0406E-11    8.8657E-03    4.2977E-01    1.0980E-11    1.1239E-08      4.9951E-11
  1.047100E-03    1.096500E-03    1.0506E-11    8.9507E-03    4.3872E-01    1.1075E-11    1.1870E-08      5.2755E-11
  1.096500E-03    1.148200E-03    1.0591E-11    9.0226E-03    4.4775E-01    1.1140E-11    1.2503E-08      5.5571E-11
  1.148200E-03    1.202300E-03    1.0680E-11    9.0990E-03    4.5684E-01    1.1205E-11    1.3169E-08      5.8530E-11
  1.202300E-03    1.258900E-03    1.0747E-11    9.1558E-03    4.6600E-01    1.1268E-11    1.3867E-08      6.1630E-11
  1.258900E-03    1.318300E-03    1.0836E-11    9.2318E-03    4.7523E-01    1.1368E-11    1.4649E-08      6.5105E-11
  1.318300E-03    1.380400E-03    1.0886E-11    9.2740E-03    4.8451E-01    1.1428E-11    1.5420E-08      6.8535E-11
  1.380400E-03    1.445400E-03    1.0948E-11    9.3273E-03    4.9383E-01    1.1508E-11    1.6259E-08      7.2263E-11
  1.445400E-03    1.513600E-03    1.1037E-11    9.4029E-03    5.0324E-01    1.1605E-11    1.7169E-08      7.6307E-11
  1.513600E-03    1.584900E-03    1.1088E-11    9.4464E-03    5.1268E-01    1.1639E-11    1.8032E-08      8.0140E-11
  1.584900E-03    1.659600E-03    1.1169E-11    9.5157E-03    5.2220E-01    1.1684E-11    1.8955E-08      8.4243E-11
  1.659600E-03    1.737800E-03    1.1245E-11    9.5803E-03    5.3178E-01    1.1715E-11    1.9900E-08      8.8443E-11
  1.737800E-03    1.819700E-03    1.1308E-11    9.6340E-03    5.4141E-01    1.1747E-11    2.0894E-08      9.2864E-11
  1.819700E-03    1.905500E-03    1.1354E-11    9.6734E-03    5.5109E-01    1.1778E-11    2.1938E-08      9.7504E-11
  1.905500E-03    1.995300E-03    1.1380E-11    9.6952E-03    5.6078E-01    1.1796E-11    2.3007E-08      1.0225E-10
  1.995300E-03    2.089300E-03    1.1405E-11    9.7161E-03    5.7050E-01    1.1811E-11    2.4121E-08      1.0720E-10
  2.089300E-03    2.187800E-03    1.1438E-11    9.7444E-03    5.8024E-01    1.1828E-11    2.5295E-08      1.1242E-10
  2.187800E-03    2.290900E-03    1.1454E-11    9.7584E-03    5.9000E-01    1.1809E-11    2.6445E-08      1.1753E-10
  2.290900E-03    2.398800E-03    1.1467E-11    9.7695E-03    5.9977E-01    1.1759E-11    2.7572E-08      1.2254E-10
  2.398800E-03    2.511900E-03    1.1493E-11    9.7916E-03    6.0956E-01    1.1708E-11    2.8748E-08      1.2777E-10
  2.511900E-03    2.630300E-03    1.1494E-11    9.7925E-03    6.1935E-01    1.1625E-11    2.9890E-08      1.3284E-10
  2.630300E-03    2.754200E-03    1.1468E-11    9.7698E-03    6.2912E-01    1.1531E-11    3.1043E-08      1.3797E-10
  2.754200E-03    2.884000E-03    1.1426E-11    9.7343E-03    6.3886E-01    1.1468E-11    3.2329E-08      1.4368E-10
  2.884000E-03    3.020000E-03    1.1370E-11    9.6863E-03    6.4854E-01    1.1408E-11    3.3676E-08      1.4967E-10
  3.020000E-03    3.162300E-03    1.1288E-11    9.6167E-03    6.5816E-01    1.1310E-11    3.4960E-08      1.5538E-10
  3.162300E-03    3.311300E-03    1.1210E-11    9.5501E-03    6.6771E-01    1.1206E-11    3.6271E-08      1.6120E-10
  3.311300E-03    3.467400E-03    1.1150E-11    9.4996E-03    6.7721E-01    1.1078E-11    3.7547E-08      1.6687E-10
  3.467400E-03    3.630800E-03    1.1083E-11    9.4421E-03    6.8665E-01    1.0924E-11    3.8770E-08      1.7231E-10
  3.630800E-03    3.801900E-03    1.0997E-11    9.3686E-03    6.9602E-01    1.0762E-11    3.9997E-08      1.7776E-10
  3.801900E-03    3.981100E-03    1.0903E-11    9.2885E-03    7.0531E-01    1.0593E-11    4.1221E-08      1.8321E-10
  3.981100E-03    4.168700E-03    1.0775E-11    9.1793E-03    7.1449E-01    1.0406E-11    4.2402E-08      1.8845E-10
  4.168700E-03    4.365200E-03    1.0635E-11    9.0608E-03    7.2355E-01    1.0207E-11    4.3552E-08      1.9356E-10
  4.365200E-03    4.570900E-03    1.0480E-11    8.9283E-03    7.3248E-01    1.0008E-11    4.4717E-08      1.9874E-10
  4.570900E-03    4.786300E-03    1.0318E-11    8.7900E-03    7.4127E-01    9.8202E-12    4.5945E-08      2.0420E-10
  4.786300E-03    5.011900E-03    1.0150E-11    8.6470E-03    7.4991E-01    9.6181E-12    4.7120E-08      2.0942E-10
  5.011900E-03    5.248100E-03    9.9553E-12    8.4814E-03    7.5840E-01    9.3895E-12    4.8168E-08      2.1408E-10
  5.248100E-03    5.495400E-03    9.7630E-12    8.3175E-03    7.6671E-01    9.1579E-12    4.9194E-08      2.1864E-10
  5.495400E-03    5.754400E-03    9.5870E-12    8.1675E-03    7.7488E-01    8.9313E-12    5.0238E-08      2.2328E-10
  5.754400E-03    6.025600E-03    9.4041E-12    8.0117E-03    7.8289E-01    8.7095E-12    5.1299E-08      2.2800E-10
  6.025600E-03    6.309600E-03    9.1930E-12    7.8319E-03    7.9072E-01    8.4994E-12    5.2421E-08      2.3298E-10
  6.309600E-03    6.606900E-03    8.9691E-12    7.6412E-03    7.9837E-01    8.2876E-12    5.3524E-08      2.3788E-10
  6.606900E-03    6.918300E-03    8.7558E-12    7.4594E-03    8.0583E-01    8.0825E-12    5.4658E-08      2.4293E-10
  6.918300E-03    7.244400E-03    8.5390E-12    7.2747E-03    8.1310E-01    7.8774E-12    5.5783E-08      2.4792E-10
  7.244400E-03    7.585800E-03    8.3338E-12    7.0999E-03    8.2020E-01    7.6697E-12    5.6872E-08      2.5276E-10
  7.585800E-03    7.943300E-03    8.1372E-12    6.9324E-03    8.2713E-01    7.4745E-12    5.8036E-08      2.5794E-10
  7.943300E-03    8.317600E-03    7.9366E-12    6.7615E-03    8.3389E-01    7.3026E-12    5.9374E-08      2.6388E-10
  8.317600E-03    8.709600E-03    7.7432E-12    6.5967E-03    8.4049E-01    7.1426E-12    6.0809E-08      2.7026E-10
  8.709600E-03    9.120100E-03    7.5490E-12    6.4313E-03    8.4692E-01    7.0141E-12    6.2530E-08      2.7791E-10
  9.120100E-03    9.549900E-03    7.3529E-12    6.2642E-03    8.5319E-01    6.8968E-12    6.4382E-08      2.8614E-10
  9.549900E-03    1.000000E-02    7.1729E-12    6.1109E-03    8.5930E-01    6.7839E-12    6.6312E-08      2.9472E-10
  1.000000E-02    1.047100E-02    7.0123E-12    5.9741E-03    8.6527E-01    6.6693E-12    6.8264E-08      3.0340E-10
  1.047100E-02    1.096500E-02    6.8722E-12    5.8547E-03    8.7113E-01    6.5160E-12    6.9839E-08      3.1039E-10
  1.096500E-02    1.148200E-02    6.7518E-12    5.7522E-03    8.7688E-01    6.3021E-12    7.0732E-08      3.1436E-10
  1.148200E-02    1.202300E-02    6.6371E-12    5.6544E-03    8.8253E-01    6.0913E-12    7.1589E-08      3.1817E-10
  1.202300E-02    1.258900E-02    6.5236E-12    5.5577E-03    8.8809E-01    5.8861E-12    7.2434E-08      3.2193E-10
  1.258900E-02    1.318300E-02    6.4364E-12    5.4834E-03    8.9357E-01    5.6962E-12    7.3401E-08      3.2623E-10
  1.318300E-02    1.380400E-02    6.2787E-12    5.3491E-03    8.9892E-01    5.4712E-12    7.3826E-08      3.2811E-10
  1.380400E-02    1.445400E-02    6.0837E-12    5.1830E-03    9.0411E-01    5.2721E-12    7.4490E-08      3.3107E-10
  1.445400E-02    1.513600E-02    5.9001E-12    5.0265E-03    9.0913E-01    5.0958E-12    7.5393E-08      3.3508E-10
  1.513600E-02    1.584900E-02    5.7021E-12    4.8579E-03    9.1399E-01    4.9212E-12    7.6242E-08      3.3885E-10
  1.584900E-02    1.659600E-02    5.5178E-12    4.7009E-03    9.1869E-01    4.7887E-12    7.7685E-08      3.4527E-10
  1.659600E-02    1.737800E-02    5.3102E-12    4.5240E-03    9.2322E-01    4.6668E-12    7.9274E-08      3.5233E-10
  1.737800E-02    1.819700E-02    5.1240E-12    4.3654E-03    9.2758E-01    4.5454E-12    8.0852E-08      3.5934E-10
  1.819700E-02    1.905500E-02    4.9481E-12    4.2155E-03    9.3180E-01    4.4156E-12    8.2244E-08      3.6553E-10
  1.905500E-02    1.995300E-02    4.7793E-12    4.0717E-03    9.3587E-01    4.2701E-12    8.3284E-08      3.7015E-10
  1.995300E-02    2.089300E-02    4.6440E-12    3.9564E-03    9.3982E-01    4.1180E-12    8.4101E-08      3.7378E-10
  2.089300E-02    2.187800E-02    4.5327E-12    3.8616E-03    9.4369E-01    3.9597E-12    8.4680E-08      3.7635E-10
  2.187800E-02    2.290900E-02    4.4187E-12    3.7645E-03    9.4745E-01    3.7871E-12    8.4807E-08      3.7692E-10
  2.290900E-02    2.398800E-02    4.2982E-12    3.6618E-03    9.5111E-01    3.6040E-12    8.4508E-08      3.7559E-10
  2.398800E-02    2.511900E-02    4.1731E-12    3.5552E-03    9.5467E-01    3.4144E-12    8.3834E-08      3.7260E-10
  2.511900E-02    2.630300E-02    4.0332E-12    3.4361E-03    9.5810E-01    3.2187E-12    8.2755E-08      3.6780E-10
  2.630300E-02    2.754200E-02    3.8881E-12    3.3124E-03    9.6142E-01    3.0179E-12    8.1250E-08      3.6111E-10
  2.754200E-02    2.884000E-02    3.7343E-12    3.1814E-03    9.6460E-01    2.8258E-12    7.9661E-08      3.5405E-10
  2.884000E-02    3.020000E-02    3.5754E-12    3.0460E-03    9.6764E-01    2.6351E-12    7.7789E-08      3.4573E-10
  3.020000E-02    3.162300E-02    3.4001E-12    2.8967E-03    9.7054E-01    2.4367E-12    7.5322E-08      3.3477E-10
  3.162300E-02    3.311300E-02    3.2180E-12    2.7415E-03    9.7328E-01    2.2318E-12    7.2240E-08      3.2106E-10
  3.311300E-02    3.467400E-02    3.0398E-12    2.5898E-03    9.7587E-01    2.0237E-12    6.8592E-08      3.0485E-10
  3.467400E-02    3.630800E-02    2.8535E-12    2.4311E-03    9.7830E-01    1.8187E-12    6.4547E-08      2.8688E-10
  3.630800E-02    3.801900E-02    2.6760E-12    2.2798E-03    9.8058E-01    1.6206E-12    6.0228E-08      2.6768E-10
  3.801900E-02    3.981100E-02    2.4991E-12    2.1291E-03    9.8271E-01    1.4341E-12    5.5809E-08      2.4804E-10
  3.981100E-02    4.168700E-02    2.3186E-12    1.9753E-03    9.8469E-01    1.2648E-12    5.1541E-08      2.2907E-10
  4.168700E-02    4.365200E-02    2.1368E-12    1.8205E-03    9.8651E-01    1.1154E-12    4.7593E-08      2.1152E-10
  4.365200E-02    4.570900E-02    1.9481E-12    1.6597E-03    9.8817E-01    9.8317E-13    4.3928E-08      1.9524E-10
  4.570900E-02    4.786300E-02    1.7597E-12    1.4992E-03    9.8967E-01    8.6154E-13    4.0308E-08      1.7915E-10
  4.786300E-02    5.011900E-02    1.5767E-12    1.3433E-03    9.9101E-01    7.4892E-13    3.6690E-08      1.6307E-10
  5.011900E-02    5.248100E-02    1.4020E-12    1.1944E-03    9.9220E-01    6.4548E-13    3.3113E-08      1.4717E-10
  5.248100E-02    5.495400E-02    1.2431E-12    1.0591E-03    9.9326E-01    5.5493E-13    2.9810E-08      1.3249E-10
  5.495400E-02    5.754400E-02    1.1009E-12    9.3788E-04    9.9420E-01    4.7502E-13    2.6719E-08      1.1875E-10
  5.754400E-02    6.025600E-02    9.7700E-13    8.3235E-04    9.9503E-01    4.0022E-13    2.3573E-08      1.0477E-10
  6.025600E-02    6.309600E-02    8.6284E-13    7.3509E-04    9.9577E-01    3.3518E-13    2.0673E-08      9.1879E-11
  6.309600E-02    6.606900E-02    7.5655E-13    6.4454E-04    9.9641E-01    2.7717E-13    1.7900E-08      7.9557E-11
  6.606900E-02    6.918300E-02    6.5826E-13    5.6080E-04    9.9697E-01    2.2779E-13    1.5404E-08      6.8464E-11
  6.918300E-02    7.244400E-02    5.6905E-13    4.8480E-04    9.9746E-01    1.9014E-13    1.3465E-08      5.9843E-11
  7.244400E-02    7.585800E-02    4.9294E-13    4.1996E-04    9.9788E-01    1.6266E-13    1.2061E-08      5.3606E-11
  7.585800E-02    7.943300E-02    4.2277E-13    3.6018E-04    9.9824E-01    1.3966E-13    1.0844E-08      4.8194E-11
  7.943300E-02    8.317600E-02    3.5641E-13    3.0365E-04    9.9854E-01    1.1606E-13    9.4359E-09      4.1937E-11
  8.317600E-02    8.709600E-02    3.0126E-13    2.5665E-04    9.9880E-01    9.5561E-14    8.1357E-09      3.6159E-11
  8.709600E-02    9.120100E-02    2.5005E-13    2.1303E-04    9.9901E-01    7.5285E-14    6.7116E-09      2.9829E-11
  9.120100E-02    9.549900E-02    2.0736E-13    1.7666E-04    9.9919E-01    5.4336E-14    5.0723E-09      2.2543E-11
  9.549900E-02    1.000000E-01    1.7540E-13    1.4943E-04    9.9934E-01    4.1107E-14    4.0182E-09      1.7858E-11
  1.000000E-01    1.047100E-01    1.5160E-13    1.2916E-04    9.9947E-01    3.2754E-14    3.3525E-09      1.4900E-11
  1.047100E-01    1.096500E-01    1.3200E-13    1.1246E-04    9.9958E-01    2.6351E-14    2.8243E-09      1.2552E-11
  1.096500E-01    1.148200E-01    1.1111E-13    9.4656E-05    9.9967E-01    1.9451E-14    2.1831E-09      9.7027E-12
  1.148200E-01    1.202300E-01    9.2561E-14    7.8857E-05    9.9975E-01    1.2635E-14    1.4850E-09      6.5998E-12
  1.202300E-01    1.258900E-01    7.4818E-14    6.3740E-05    9.9982E-01    7.6654E-15    9.4330E-10      4.1925E-12
  1.258900E-01    1.318300E-01    5.4540E-14    4.6465E-05    9.9986E-01    4.7695E-15    6.1460E-10      2.7316E-12
  1.318300E-01    1.380400E-01    4.1202E-14    3.5102E-05    9.9990E-01    3.0463E-15    4.1106E-10      1.8269E-12
  1.380400E-01    1.445400E-01    3.2903E-14    2.8031E-05    9.9993E-01    1.6949E-15    2.3947E-10      1.0643E-12
  1.445400E-01    1.513600E-01    2.7161E-14    2.3139E-05    9.9995E-01    5.4743E-16    8.0993E-11      3.5997E-13
  1.513600E-01    1.584900E-01    2.1405E-14    1.8236E-05    9.9997E-01    2.4375E-17    3.7763E-12      1.6784E-14
  1.584900E-01    1.659600E-01    1.4850E-14    1.2651E-05    9.9998E-01    0.0000E+00    0.0000E+00      0.0000E+00
  1.659600E-01    1.737800E-01    9.3450E-15    7.9614E-06    9.9999E-01    0.0000E+00    0.0000E+00      0.0000E+00
  1.737800E-01    1.819700E-01    5.7948E-15    4.9369E-06    9.9999E-01    0.0000E+00    0.0000E+00      0.0000E+00
  1.819700E-01    1.905500E-01    3.8035E-15    3.2403E-06    1.0000E+00    0.0000E+00    0.0000E+00      0.0000E+00
  1.905500E-01    1.995300E-01    2.5016E-15    2.1312E-06    1.0000E+00    0.0000E+00    0.0000E+00      0.0000E+00
  1.995300E-01    2.089300E-01    1.3522E-15    1.1520E-06    1.0000E+00    0.0000E+00    0.0000E+00      0.0000E+00
  2.089300E-01    2.187800E-01    3.7888E-16    3.2278E-07    1.0000E+00    0.0000E+00    0.0000E+00      0.0000E+00
  2.187800E-01    2.290900E-01    4.0507E-19    3.4510E-10    1.0000E+00    0.0000E+00    0.0000E+00      0.0000E+00
