1.0 1.9 0.15
1.5 2.4 0.25 0.05 
2.0 2.9 0.25 0.15
3.0 2.7 0.4 0.1 0.15 0.05
5.0 5.1 0.6 0.1 0.05 0 0.05
7.5 5.7 0.7 0.35 0.25 0.05 0.05
10.0 6.85 5.8 0.2 0.05 0.2 0 0.05
15.0 7.9 1.55 0.4 0.35 0.15 0.05 0.05
20.0 11 1.55 0.5 0.3 0.15 0.1 0.1 0.05 0.05 0 0 0.05 0 0 0 0.05
30.0 13.15 1.9 0.45 0.35 0.15 0.1 0.25 0.05 0.05 0.1 0.05 0.05 0.05 0.05
40.0 17 2.33 1.0 0.47 0.13 0.07 0.07 0.2 0 0.07 0.13 0.07 0 0 0.07 0.07
50.0 18.4 2.27 0.47 0.47 0.47 0.2 0 0.2 0.27 0.07 0 0 0.13 0 0.07 0 0 0.07 0 0 0.07 0 0.13 0.13 0 0 0.07 0 0 0 0 0.07
60.0 21.73 3.33 0.53 0.4 0.33 0.33 0.13 0.2 0.13 0 0.07 0.07 0.07 0 0 0.07 0 0 0 0 0.07 0.07 0.07 0 0.07 0 0.07 0 0 0 0.07 0 0 0 0 0.07 0 0 0 0 0.07 0 0 0 0 0 0 0 0 0.07
75.0 26.07 4.0 1.33 0.47 0.47 0.53 0.4 0.13 0.07 0.33 0.13 0.07 0 0 0.07 0 0 0.07 0 0.07 0 0 0 0.07 0 0.07 0.07 0 0 0 0 0 0 0 0 0 0.07 0.13 0 0 0 0 0 0 0.07 0.07 0 0 0 0 0 0 0 0 0 0.07
100.0 33.3 3.7 1.35 0.9 0.5 0.55 0.15 0.15 0.2 0.15 0.2 0.1 0.05 0.05 0.1 0.1 0.1 0.05 0 0.1 0.05 0.05 0.15 0 0 0 0.05 0.05 0 0.1 0 0 0.05 0 0 0 0 0.05 0 0.05 0.05 0 0 0 0 0 0 0 0 0 0 0 0 0 0 0 0.05 0 0 0 0.1 0 0.1 0 0.1 0 0 0 0 0.05
