1.0 1.4 0.1 0.05
1.5 1.95 0.1 0 0 0.05
2.0 2.2 0.1 0.05
3.0 3.1 0.25 0.1 0.05 0.05
5.0 4 0.35 0.05 0 0 0.05
7.5 4.5 0.5 0.25 0.05 0.1
10.0 6.67 0.93 0.07 0.13
15.0 7.67 0.87 0.27 0.13 0.07 0.13 0 0.13 0 0.07
20.0 9.53 1.47 0.33 0.13 0.07 0.27 0.2 0 0 0.07
30.0 9.87 1.4 0.6 0.27 0.13 0.13 0.07 0 0.07 0 0.07 0 0.07
40.0 12.4 1.53 1 0.4 0.07 0.4 0.07 0.07 0.07 0 0.07 0 0 0.07 0.07 0 0 0 0 0.07 0 0.07 0 0 0 0.07
50.0 15.2 2.67 0.6 0.27 0.2 0.2 0 0 0.13 0.13 0.13 0 0.07 0.07 0.07 0 0 0 0 0.07 0 0.13 0 0 0 0 0 0 0 0 0.07 0 0 0 0.07 0 0 0 0 0 0.07
60.0 16 2.67 0.6 0.2 0.07 0.27 0 0.2 0.13 0.13 0.07 0.13 0 0 0 0.07 0.07 0.07 0 0.2 0 0.13 0 0.07 0 0 0.13 0.07 0 0 0 0 0 0 0 0 0 0 0 0 0 0 0 0 0 0 0.07
75.0 19.47 3.13 0.53 0.27 0.27 0.07 0.13 0.27 0.07 0.27 0 0.07 0 0.13 0.13 0 0 0.07 0.07 0 0 0 0.07 0 0.13 0.07 0 0 0 0 0 0 0 0 0 0 0 0 0 0 0 0 0 0 0 0.07 0 0 0 0.07 0 0 0 0 0.07 0 0 0 0 0 0 0 0 0 0 0.07 0 0 0 0 0 0 0.07
100.0 25.65 3.8 1.4 0.65 0.15 0.1 0.45 0.15 0.05 0.1 0.1 0.25 0.1 0.05 0.3 0.05 0.05 0.1 0.05 0 0.05 0 0 0 0 0 0 0 0 0 0 0.1 0 0 0 0 0.05 0 0 0 0.05 0 0 0.05 0 0 0 0 0 0 0 0.05 0 0.05 0 0 0 0 0.05 0 0 0 0 0 0 0 0 0 0 0 0.05 0.05 0.05 0 0 0 0.05 0 0 0 0 0 0 0 0 0 0 0 0 0 0 0 0 0 0 0 0.05
