1.0 0.8 0.3 0.2 0.05
1.5 1.1 0.3 0.25 0.15
2.0 1.6 0.35 0.2 0.05 0 0 0.05 0.05
3.0 2.05 0.3 0.2 0.15 0.1 0.05
5.0 2.75 0.6 0.2 0.2 0.15 0.1 0 0.05
7.5 4.0 0.8 0.55 0.05 0.15 0.15 0 0 0 0 0 0.05
10.0 4.75 0.8 0.55 0.15 0.15 0.25 0.1 0 0.05
15.0 6.9 1.25 0.15 0.4 0.15 0.1 0.15 0 0 0 0.05 0.05
20.0 9.4 1.65 1.05 0.25 0.25 0.05 0.15 0 0 0.1 0 0 0 0.05
30.0 12.7 2.7 0.75 0.35 0.15 0.05 0.2 0.1 0.05 0 0 0 0 0 0 0.05 0 0 0.05
40.0 18.2 3.07 0.87 0.53 0.27 0.07 0 0.13 0 0.07 0 0.07 0 0 0 0 0 0 0 0.07
50.0 17.8 3.33 0.87 0.4 0.4 0.13 0.2 0.2 0.13 0.2 0 0 0 0.07 0 0 0 0.07 0 0 0 0.07 0 0 0 0 0 0 0.07 0.07 0 0 0 0.07 0 0 0.07
60.0 23.2 3.33 1.27 0.47 0.4 0.07 0 0.07 0.13 0.07 0 0 0.07 0.13 0 0 0 0 0 0 0 0 0 0 0 0 0 0 0.07 0 0 0 0 0 0 0 0 0 0 0 0 0 0.07 0 0 0 0 0 0 0 0.07 0 0 0 0 0 0 0 0 0 0 0 0 0 0 0 0 0 0 0.07 0 0 0 0.07
75.0 29.93 5.0 1.5 0.73 0.33 0.13 0.13 0.07 0 0.07 0.07 0.27 0 0 0 0.07 0.07 0 0 0 0.07 0 0 0 0 0 0.07 0 0 0 0 0 0 0.07 0.07 0 0 0.07 0 0 0 0 0 0 0 0 0 0 0 0 0.07 0 0 0 0 0 0.07 0 0 0 0 0 0 0 0 0 0 0 0 0 0 0 0 0 0 0 0 0 0 0 0 0 0 0.07
100.0 35.3 6 2 1.15 0.5 0.3 0.2 0.1 0.15 0.15 0.1 0.05 0.15 0.05 0 0.1 0 0 0.05 0 0.05 0 0 0.05 0 0 0 0 0 0 0 0 0 0 0 0 0 0 0 0 0 0 0 0 0 0 0 0 0 0 0 0 0 0 0 0 0 0 0 0.05 0 0 0 0 0 0 0 0 0 0 0 0 0 0 0 0 0 0 0 0 0 0 0 0 0 0.05 0.05 0 0 0 0.05 0 0 0 0 0 0 0 0 0 0 0 0 0.05 0.05 0 0 0 0 0 0 0 0 0.05 0 0 0 0 0 0 0 0 0 0 0 0 0 0 0 0 0 0 0 0 0 0 0 0 0 0 0 0 0 0 0 0 0 0 0 0 0 0 0.05
