1.0 0.6 0.5 0.05
1.5 1 0.4 0.1 0 0 0.05
2.0 1 0.5 0.05 0.1
3.0 2.3 0.35 0.15 0.15 0 0.05
5.0 2.65 0.6 0.15 0.1 0.1
7.5 3.6 1 0.15 0.1 0.1
10.0 5.53 1.33 0.27 0.07
15.0 6.4 2.07 0.53 0.07 0.07 0.07 0.07
20.0 9.13 2.07 0.47 0.07 0.33 0.07 0.07 0.07
30.0 11.8 2.87 0.47 0.47 0.13 0.07 0 0.07
40.0 17.87 2.73 0.27 0.47 0.07 0.07 0.07 0 0.13 0.07 0 0.07 0.07 0.07
50.0 20 3 1.13 0.4 0.13 0.13 0.27 0.13 0.07 0.13 0.07 0 0.07 0 0 0 0 0.07 0 0 0.07 0 0 0 0.07
60.0 27.13 4.4 1.33 0.47 0.33 0.2 0.13 0.27 0.13 0 0 0 0 0 0 0 0 0 0.07 0 0 0 0 0 0 0 0 0 0 0 0 0 0 0 0 0 0 0 0 0 0.07
75.0 30.07 5.87 1.4 0.53 0.27 0 0.2 0 0.27 0 0 0.07 0 0.07 0.13 0 0.13 0 0 0 0.07 0 0 0 0 0 0 0 0 0 0 0 0 0 0 0 0 0 0 0 0 0 0 0 0 0.07 0 0 0 0 0 0 0 0 0 0.07 0 0 0 0 0 0 0 0 0 0 0 0 0 0 0 0 0 0 0 0 0 0 0 0 0 0.07 0 0 0 0 0 0 0 0 0 0 0 0 0 0 0 0 0 0 0 0 0 0 0 0 0 0 0 0 0 0 0 0 0 0 0 0 0 0.07 
100.0 41.9 7.05 1.7 0.75 0.65 0.1 0.05 0.25 0.15 0 0.05 0 0 0.05 0.05 0 0 0 0.05 0.05 0.05 0 0 0 0.05 0.05 0 0.05 0 0 0 0 0 0 0 0 0 0 0 0 0 0.05 0 0 0 0 0 0 0 0 0 0 0 0 0 0 0 0.05 0 0 0 0 0 0 0 0 0 0 0 0 0 0 0.05 0.05 0 0 0 0 0 0 0 0 0.1 0 0 0 0 0.05 0 0 0 0 0 0 0 0 0 0 0 0 0 0 0 0 0 0 0 0 0 0 0 0 0 0 0 0 0.05
