#time itf_heat_flux
0 2.06178e-14
0.0002 2.12753e-14
0.0004 2.19328e-14
0.0006 2.25903e-14
0.0008 2.32478e-14
0.001 2.39053e-14
0.0012 2.45627e-14
0.0014 2.52202e-14
0.0016 2.58777e-14
0.0018 2.65352e-14
0.002 2.71927e-14
0.0022 2.78502e-14
0.0024 2.85077e-14
0.0026 2.91652e-14
0.0028 2.98227e-14
0.003 3.04801e-14
0.0032 3.10585e-14
0.0034 3.15923e-14
0.0036 3.21261e-14
0.0038 3.26599e-14
0.004 3.31937e-14
0.0042 3.37275e-14
0.0044 3.42613e-14
0.0046 3.47951e-14
0.0048 3.53289e-14
0.005 3.58627e-14
0.0052 3.63965e-14
0.0054 3.69303e-14
0.0056 3.74641e-14
0.0058 3.79979e-14
0.006 3.85317e-14
0.0062 3.88773e-14
0.0064 3.87392e-14
0.0066 3.86011e-14
0.0068 3.8463e-14
0.007 3.83249e-14
0.0072 3.81868e-14
0.0074 3.80487e-14
0.0076 3.79106e-14
0.0078 3.77725e-14
0.008 3.76344e-14
0.0082 3.74963e-14
0.0084 3.73582e-14
0.0086 3.72201e-14
0.0088 3.7082e-14
0.009 3.69439e-14
0.0092 3.68057e-14
0.0094 3.51963e-14
0.0096 3.34588e-14
0.0098 3.17214e-14
0.01 2.9984e-14
0.0102 2.82465e-14
0.0104 2.65091e-14
0.0106 2.47717e-14
0.0108 2.30342e-14
0.011 2.12968e-14
0.0112 1.95594e-14
0.0114 1.78219e-14
0.0116 1.60845e-14
0.0118 1.43471e-14
0.012 1.26096e-14
0.0122 1.08722e-14
0.0124 9.9793e-15
0.0126 9.74993e-15
0.0128 9.52056e-15
0.013 9.29118e-15
0.0132 9.06181e-15
0.0134 8.83244e-15
0.0136 8.60307e-15
0.0138 8.3737e-15
0.014 8.14433e-15
0.0142 7.91496e-15
0.0144 7.68559e-15
0.0146 7.45622e-15
0.0148 7.22685e-15
0.015 6.99748e-15
0.0152 6.76811e-15
0.0154 6.60084e-15
0.0156 6.68199e-15
0.0158 6.76315e-15
0.016 6.8443e-15
0.0162 6.92545e-15
0.0164 7.00661e-15
0.0166 7.08776e-15
0.0168 7.16892e-15
0.017 7.25007e-15
0.0172 7.33122e-15
0.0174 7.41238e-15
0.0176 7.49353e-15
0.0178 7.57468e-15
0.018 7.65584e-15
0.0182 7.73699e-15
0.0184 7.81815e-15
0.0186 7.99663e-15
0.0188 8.19364e-15
0.019 8.39066e-15
0.0192 8.58768e-15
0.0194 8.7847e-15
0.0196 8.98172e-15
0.0198 9.17873e-15
0.02 9.37575e-15
0.0202 9.57277e-15
0.0204 9.76979e-15
0.0206 9.96681e-15
0.0208 1.01638e-14
0.021 1.03608e-14
0.0212 1.05579e-14
0.0214 1.07549e-14
0.0216 1.10687e-14
0.0218 1.1509e-14
0.022 1.19492e-14
0.0222 1.23895e-14
0.0224 1.28298e-14
0.0226 1.32701e-14
0.0228 1.37104e-14
0.023 1.41507e-14
0.0232 1.4591e-14
0.0234 1.50313e-14
0.0236 1.54716e-14
0.0238 1.59119e-14
0.024 1.63521e-14
0.0242 1.67924e-14
0.0244 1.72327e-14
0.0246 1.77097e-14
0.0248 1.84558e-14
0.025 1.92019e-14
0.0252 1.9948e-14
0.0254 2.0694e-14
0.0256 2.14401e-14
0.0258 2.21862e-14
0.026 2.29323e-14
0.0262 2.36784e-14
0.0264 2.44245e-14
0.0266 2.51706e-14
0.0268 2.59166e-14
0.027 2.66627e-14
0.0272 2.74088e-14
0.0274 2.81549e-14
0.0276 2.8901e-14
0.0278 2.97044e-14
0.028 3.05259e-14
0.0282 3.13473e-14
0.0284 3.21688e-14
0.0286 3.29903e-14
0.0288 3.38118e-14
0.029 3.46333e-14
0.0292 3.54548e-14
0.0294 3.62763e-14
0.0296 3.70978e-14
0.0298 3.79192e-14
0.03 3.87407e-14
0.0302 3.95622e-14
0.0304 4.03837e-14
0.0306 4.12052e-14
0.0308 4.24513e-14
0.031 4.43342e-14
0.0312 4.62172e-14
0.0314 4.81002e-14
0.0316 4.99831e-14
0.0318 5.18661e-14
0.032 5.37491e-14
0.0322 5.5632e-14
0.0324 5.7515e-14
0.0326 5.9398e-14
0.0328 6.12809e-14
0.033 6.31639e-14
0.0332 6.50469e-14
0.0334 6.69298e-14
0.0336 6.88128e-14
0.0338 7.07413e-14
0.034 7.37636e-14
0.0342 7.67859e-14
0.0344 7.98082e-14
0.0346 8.28304e-14
0.0348 8.58527e-14
0.035 8.8875e-14
0.0352 9.18973e-14
0.0354 9.49195e-14
0.0356 9.79418e-14
0.0358 1.00964e-13
0.036 1.03986e-13
0.0362 1.07009e-13
0.0364 1.10031e-13
0.0366 1.13053e-13
0.0368 1.16075e-13
0.037 1.19727e-13
0.0372 1.23674e-13
0.0374 1.27621e-13
0.0376 1.31568e-13
0.0378 1.35516e-13
0.038 1.39463e-13
0.0382 1.4341e-13
0.0384 1.47357e-13
0.0386 1.51305e-13
0.0388 1.55252e-13
0.039 1.59199e-13
0.0392 1.63146e-13
0.0394 1.67093e-13
0.0396 1.71041e-13
0.0398 1.74988e-13
0.04 1.78603e-13
0.0402 1.81513e-13
0.0404 1.84423e-13
0.0406 1.87332e-13
0.0408 1.90242e-13
0.041 1.93152e-13
0.0412 1.96061e-13
0.0414 1.98971e-13
0.0416 2.01881e-13
0.0418 2.04791e-13
0.042 2.077e-13
0.0422 2.1061e-13
0.0424 2.1352e-13
0.0426 2.16429e-13
0.0428 2.19339e-13
0.043 2.22249e-13
0.0432 2.25503e-13
0.0434 2.28771e-13
0.0436 2.3204e-13
0.0438 2.35308e-13
0.044 2.38576e-13
0.0442 2.41845e-13
0.0444 2.45113e-13
0.0446 2.48381e-13
0.0448 2.5165e-13
0.045 2.54918e-13
0.0452 2.58186e-13
0.0454 2.61455e-13
0.0456 2.64723e-13
0.0458 2.67991e-13
0.046 2.7126e-13
0.0462 2.74963e-13
0.0464 2.78956e-13
0.0466 2.82949e-13
0.0468 2.86942e-13
0.047 2.90934e-13
0.0472 2.94927e-13
0.0474 2.9892e-13
0.0476 3.02913e-13
0.0478 3.06906e-13
0.048 3.10899e-13
0.0482 3.14892e-13
0.0484 3.18885e-13
0.0486 3.22878e-13
0.0488 3.26871e-13
0.049 3.30864e-13
0.0492 3.34687e-13
0.0494 3.37973e-13
0.0496 3.41259e-13
0.0498 3.44545e-13
0.05 3.47831e-13
0.0502 3.51117e-13
0.0504 3.54403e-13
0.0506 3.57689e-13
0.0508 3.60975e-13
0.051 3.64261e-13
0.0512 3.67547e-13
0.0514 3.70833e-13
0.0516 3.74119e-13
0.0518 3.77405e-13
0.052 3.80691e-13
0.0522 3.83977e-13
0.0524 3.86373e-13
0.0526 3.88646e-13
0.0528 3.9092e-13
0.053 3.93194e-13
0.0532 3.95468e-13
0.0534 3.97741e-13
0.0536 4.00015e-13
0.0538 4.02289e-13
0.054 4.04563e-13
0.0542 4.06837e-13
0.0544 4.0911e-13
0.0546 4.11384e-13
0.0548 4.13658e-13
0.055 4.15932e-13
0.0552 4.18205e-13
0.0554 4.20391e-13
0.0556 4.22495e-13
0.0558 4.24599e-13
0.056 4.26702e-13
0.0562 4.28806e-13
0.0564 4.3091e-13
0.0566 4.33014e-13
0.0568 4.35118e-13
0.057 4.37222e-13
0.0572 4.39326e-13
0.0574 4.4143e-13
0.0576 4.43534e-13
0.0578 4.45637e-13
0.058 4.47741e-13
0.0582 4.49845e-13
0.0584 4.51921e-13
0.0586 4.53852e-13
0.0588 4.55783e-13
0.059 4.57713e-13
0.0592 4.59644e-13
0.0594 4.61575e-13
0.0596 4.63505e-13
0.0598 4.65436e-13
0.06 4.67367e-13
0.0602 4.69297e-13
0.0604 4.71228e-13
0.0606 4.73159e-13
0.0608 4.7509e-13
0.061 4.7702e-13
0.0612 4.78951e-13
0.0614 4.80882e-13
0.0616 4.82983e-13
0.0618 4.85127e-13
0.062 4.87272e-13
0.0622 4.89416e-13
0.0624 4.9156e-13
0.0626 4.93705e-13
0.0628 4.95849e-13
0.063 4.97993e-13
0.0632 5.00137e-13
0.0634 5.02282e-13
0.0636 5.04426e-13
0.0638 5.0657e-13
0.064 5.08715e-13
0.0642 5.10859e-13
0.0644 5.13003e-13
0.0646 5.15112e-13
0.0648 5.17177e-13
0.065 5.19242e-13
0.0652 5.21307e-13
0.0654 5.23372e-13
0.0656 5.25437e-13
0.0658 5.27502e-13
0.066 5.29567e-13
0.0662 5.31631e-13
0.0664 5.33696e-13
0.0666 5.35761e-13
0.0668 5.37826e-13
0.067 5.39891e-13
0.0672 5.41956e-13
0.0674 5.44021e-13
0.0676 5.4611e-13
0.0678 5.48477e-13
0.068 5.50845e-13
0.0682 5.53213e-13
0.0684 5.5558e-13
0.0686 5.57948e-13
0.0688 5.60316e-13
0.069 5.62683e-13
0.0692 5.65051e-13
0.0694 5.67419e-13
0.0696 5.69786e-13
0.0698 5.72154e-13
0.07 5.74521e-13
0.0702 5.76889e-13
0.0704 5.79257e-13
0.0706 5.81624e-13
0.0708 5.84051e-13
0.071 5.86501e-13
0.0712 5.8895e-13
0.0714 5.914e-13
0.0716 5.93849e-13
0.0718 5.96299e-13
0.072 5.98749e-13
0.0722 6.01198e-13
0.0724 6.03648e-13
0.0726 6.06097e-13
0.0728 6.08547e-13
0.073 6.10997e-13
0.0732 6.13446e-13
0.0734 6.15896e-13
0.0736 6.18345e-13
0.0738 6.21104e-13
0.074 6.24412e-13
0.0742 6.27721e-13
0.0744 6.31029e-13
0.0746 6.34337e-13
0.0748 6.37645e-13
0.075 6.40953e-13
0.0752 6.44262e-13
0.0754 6.4757e-13
0.0756 6.50878e-13
0.0758 6.54186e-13
0.076 6.57494e-13
0.0762 6.60803e-13
0.0764 6.64111e-13
0.0766 6.67419e-13
0.0768 6.70727e-13
0.077 6.73243e-13
0.0772 6.7576e-13
0.0774 6.78276e-13
0.0776 6.80792e-13
0.0778 6.83308e-13
0.078 6.85824e-13
0.0782 6.88341e-13
0.0784 6.90857e-13
0.0786 6.93373e-13
0.0788 6.95889e-13
0.079 6.98406e-13
0.0792 7.00922e-13
0.0794 7.03438e-13
0.0796 7.05954e-13
0.0798 7.08471e-13
0.08 7.10211e-13
0.0802 7.11516e-13
0.0804 7.12821e-13
0.0806 7.14126e-13
0.0808 7.1543e-13
0.081 7.16735e-13
0.0812 7.1804e-13
0.0814 7.19344e-13
0.0816 7.20649e-13
0.0818 7.21954e-13
0.082 7.23259e-13
0.0822 7.24563e-13
0.0824 7.25868e-13
0.0826 7.27173e-13
0.0828 7.28477e-13
0.083 7.29674e-13
0.0832 7.30586e-13
0.0834 7.31498e-13
0.0836 7.3241e-13
0.0838 7.33322e-13
0.084 7.34234e-13
0.0842 7.35145e-13
0.0844 7.36057e-13
0.0846 7.36969e-13
0.0848 7.37881e-13
0.085 7.38793e-13
0.0852 7.39705e-13
0.0854 7.40617e-13
0.0856 7.41529e-13
0.0858 7.42441e-13
0.086 7.43352e-13
0.0862 7.43688e-13
0.0864 7.4397e-13
0.0866 7.44253e-13
0.0868 7.44535e-13
0.087 7.44817e-13
0.0872 7.45099e-13
0.0874 7.45381e-13
0.0876 7.45663e-13
0.0878 7.45946e-13
0.088 7.46228e-13
0.0882 7.4651e-13
0.0884 7.46792e-13
0.0886 7.47074e-13
0.0888 7.47356e-13
0.089 7.47639e-13
0.0892 7.47687e-13
0.0894 7.47548e-13
0.0896 7.47408e-13
0.0898 7.47269e-13
0.09 7.4713e-13
0.0902 7.46991e-13
0.0904 7.46852e-13
0.0906 7.46713e-13
0.0908 7.46573e-13
0.091 7.46434e-13
0.0912 7.46295e-13
0.0914 7.46156e-13
0.0916 7.46017e-13
0.0918 7.45878e-13
0.092 7.45738e-13
0.0922 7.45519e-13
0.0924 7.44966e-13
0.0926 7.44413e-13
0.0928 7.43861e-13
0.093 7.43308e-13
0.0932 7.42755e-13
0.0934 7.42203e-13
0.0936 7.4165e-13
0.0938 7.41097e-13
0.094 7.40545e-13
0.0942 7.39992e-13
0.0944 7.39439e-13
0.0946 7.38887e-13
0.0948 7.38334e-13
0.095 7.37782e-13
0.0952 7.37229e-13
0.0954 7.37023e-13
0.0956 7.36887e-13
0.0958 7.3675e-13
0.096 7.36613e-13
0.0962 7.36476e-13
0.0964 7.3634e-13
0.0966 7.36203e-13
0.0968 7.36066e-13
0.097 7.35929e-13
0.0972 7.35792e-13
0.0974 7.35656e-13
0.0976 7.35519e-13
0.0978 7.35382e-13
0.098 7.35245e-13
0.0982 7.35108e-13
0.0984 7.35417e-13
0.0986 7.36219e-13
0.0988 7.3702e-13
0.099 7.37821e-13
0.0992 7.38622e-13
0.0994 7.39424e-13
0.0996 7.40225e-13
0.0998 7.41026e-13
0.1 7.41827e-13
0.1002 7.42629e-13
0.1004 7.4343e-13
0.1006 7.44231e-13
0.1008 7.45032e-13
0.101 7.45834e-13
0.1012 7.46635e-13
0.1014 7.47509e-13
0.1016 7.48943e-13
0.1018 7.50377e-13
0.102 7.51811e-13
0.1022 7.53245e-13
0.1024 7.54679e-13
0.1026 7.56113e-13
0.1028 7.57547e-13
0.103 7.58981e-13
0.1032 7.60415e-13
0.1034 7.61849e-13
0.1036 7.63283e-13
0.1038 7.64717e-13
0.104 7.66151e-13
0.1042 7.67585e-13
0.1044 7.69019e-13
0.1046 7.70036e-13
0.1048 7.70918e-13
0.105 7.718e-13
0.1052 7.72682e-13
0.1054 7.73564e-13
0.1056 7.74447e-13
0.1058 7.75329e-13
0.106 7.76211e-13
0.1062 7.77093e-13
0.1064 7.77975e-13
0.1066 7.78857e-13
0.1068 7.79739e-13
0.107 7.80621e-13
0.1072 7.81504e-13
0.1074 7.82386e-13
0.1076 7.82979e-13
0.1078 7.83131e-13
0.108 7.83284e-13
0.1082 7.83436e-13
0.1084 7.83588e-13
0.1086 7.8374e-13
0.1088 7.83892e-13
0.109 7.84044e-13
0.1092 7.84196e-13
0.1094 7.84348e-13
0.1096 7.845e-13
0.1098 7.84652e-13
0.11 7.84805e-13
0.1102 7.84957e-13
0.1104 7.85109e-13
0.1106 7.85231e-13
0.1108 7.84522e-13
0.111 7.83814e-13
0.1112 7.83105e-13
0.1114 7.82396e-13
0.1116 7.81688e-13
0.1118 7.80979e-13
0.112 7.8027e-13
0.1122 7.79562e-13
0.1124 7.78853e-13
0.1126 7.78144e-13
0.1128 7.77436e-13
0.113 7.76727e-13
0.1132 7.76019e-13
0.1134 7.7531e-13
0.1136 7.74601e-13
0.1138 7.73777e-13
0.114 7.72897e-13
0.1142 7.72017e-13
0.1144 7.71137e-13
0.1146 7.70257e-13
0.1148 7.69377e-13
0.115 7.68497e-13
0.1152 7.67617e-13
0.1154 7.66737e-13
0.1156 7.65857e-13
0.1158 7.64977e-13
0.116 7.64096e-13
0.1162 7.63216e-13
0.1164 7.62336e-13
0.1166 7.61456e-13
0.1168 7.60529e-13
0.117 7.595e-13
0.1172 7.58471e-13
0.1174 7.57441e-13
0.1176 7.56412e-13
0.1178 7.55383e-13
0.118 7.54354e-13
0.1182 7.53324e-13
0.1184 7.52295e-13
0.1186 7.51266e-13
0.1188 7.50237e-13
0.119 7.49207e-13
0.1192 7.48178e-13
0.1194 7.47149e-13
0.1196 7.4612e-13
0.1198 7.4509e-13
0.12 7.44686e-13
0.1202 7.4431e-13
0.1204 7.43935e-13
0.1206 7.4356e-13
0.1208 7.43184e-13
0.121 7.42809e-13
0.1212 7.42434e-13
0.1214 7.42058e-13
0.1216 7.41683e-13
0.1218 7.41308e-13
0.122 7.40932e-13
0.1222 7.40557e-13
0.1224 7.40182e-13
0.1226 7.39807e-13
0.1228 7.39431e-13
0.123 7.39159e-13
0.1232 7.38956e-13
0.1234 7.38753e-13
0.1236 7.3855e-13
0.1238 7.38347e-13
0.124 7.38144e-13
0.1242 7.37941e-13
0.1244 7.37738e-13
0.1246 7.37535e-13
0.1248 7.37332e-13
0.125 7.37129e-13
0.1252 7.36926e-13
0.1254 7.36723e-13
0.1256 7.36521e-13
0.1258 7.36318e-13
0.126 7.36115e-13
0.1262 7.35912e-13
0.1264 7.35709e-13
0.1266 7.35506e-13
0.1268 7.35303e-13
0.127 7.351e-13
0.1272 7.34897e-13
0.1274 7.34694e-13
0.1276 7.34491e-13
0.1278 7.34288e-13
0.128 7.34085e-13
0.1282 7.33882e-13
0.1284 7.33679e-13
0.1286 7.33476e-13
0.1288 7.33273e-13
0.129 7.3307e-13
0.1292 7.32945e-13
0.1294 7.32832e-13
0.1296 7.32718e-13
0.1298 7.32604e-13
0.13 7.32491e-13
0.1302 7.32377e-13
0.1304 7.32263e-13
0.1306 7.3215e-13
0.1308 7.32036e-13
0.131 7.31923e-13
0.1312 7.31809e-13
0.1314 7.31695e-13
0.1316 7.31582e-13
0.1318 7.31468e-13
0.132 7.31355e-13
0.1322 7.31353e-13
0.1324 7.31456e-13
0.1326 7.31559e-13
0.1328 7.31662e-13
0.133 7.31765e-13
0.1332 7.31868e-13
0.1334 7.31971e-13
0.1336 7.32074e-13
0.1338 7.32177e-13
0.134 7.3228e-13
0.1342 7.32383e-13
0.1344 7.32486e-13
0.1346 7.32589e-13
0.1348 7.32692e-13
0.135 7.32795e-13
0.1352 7.32886e-13
0.1354 7.32911e-13
0.1356 7.32936e-13
0.1358 7.32962e-13
0.136 7.32987e-13
0.1362 7.33012e-13
0.1364 7.33037e-13
0.1366 7.33063e-13
0.1368 7.33088e-13
0.137 7.33113e-13
0.1372 7.33139e-13
0.1374 7.33164e-13
0.1376 7.33189e-13
0.1378 7.33214e-13
0.138 7.3324e-13
0.1382 7.33265e-13
0.1384 7.33256e-13
0.1386 7.33239e-13
0.1388 7.33222e-13
0.139 7.33204e-13
0.1392 7.33187e-13
0.1394 7.3317e-13
0.1396 7.33152e-13
0.1398 7.33135e-13
0.14 7.33118e-13
0.1402 7.331e-13
0.1404 7.33083e-13
0.1406 7.33066e-13
0.1408 7.33049e-13
0.141 7.33031e-13
0.1412 7.33014e-13
0.1414 7.33007e-13
0.1416 7.33014e-13
0.1418 7.33021e-13
0.142 7.33028e-13
0.1422 7.33035e-13
0.1424 7.33042e-13
0.1426 7.33049e-13
0.1428 7.33056e-13
0.143 7.33063e-13
0.1432 7.3307e-13
0.1434 7.33077e-13
0.1436 7.33084e-13
0.1438 7.33091e-13
0.144 7.33098e-13
0.1442 7.33105e-13
0.1444 7.33118e-13
0.1446 7.33195e-13
0.1448 7.33273e-13
0.145 7.3335e-13
0.1452 7.33428e-13
0.1454 7.33506e-13
0.1456 7.33583e-13
0.1458 7.33661e-13
0.146 7.33739e-13
0.1462 7.33816e-13
0.1464 7.33894e-13
0.1466 7.33972e-13
0.1468 7.34049e-13
0.147 7.34127e-13
0.1472 7.34205e-13
0.1474 7.34282e-13
0.1476 7.34408e-13
0.1478 7.34554e-13
0.148 7.34699e-13
0.1482 7.34844e-13
0.1484 7.3499e-13
0.1486 7.35135e-13
0.1488 7.3528e-13
0.149 7.35426e-13
0.1492 7.35571e-13
0.1494 7.35717e-13
0.1496 7.35862e-13
0.1498 7.36007e-13
0.15 7.36153e-13
0.1502 7.36298e-13
0.1504 7.36443e-13
0.1506 7.36597e-13
0.1508 7.36766e-13
0.151 7.36934e-13
0.1512 7.37103e-13
0.1514 7.37271e-13
0.1516 7.3744e-13
0.1518 7.37609e-13
0.152 7.37777e-13
0.1522 7.37946e-13
0.1524 7.38115e-13
0.1526 7.38283e-13
0.1528 7.38452e-13
0.153 7.3862e-13
0.1532 7.38789e-13
0.1534 7.38958e-13
0.1536 7.39126e-13
0.1538 7.39306e-13
0.154 7.39486e-13
0.1542 7.39667e-13
0.1544 7.39847e-13
0.1546 7.40027e-13
0.1548 7.40207e-13
0.155 7.40387e-13
0.1552 7.40567e-13
0.1554 7.40747e-13
0.1556 7.40927e-13
0.1558 7.41108e-13
0.156 7.41288e-13
0.1562 7.41468e-13
0.1564 7.41648e-13
0.1566 7.41828e-13
0.1568 7.42036e-13
0.157 7.4226e-13
0.1572 7.42484e-13
0.1574 7.42708e-13
0.1576 7.42932e-13
0.1578 7.43155e-13
0.158 7.43379e-13
0.1582 7.43603e-13
0.1584 7.43827e-13
0.1586 7.44051e-13
0.1588 7.44275e-13
0.159 7.44499e-13
0.1592 7.44723e-13
0.1594 7.44947e-13
0.1596 7.4517e-13
0.1598 7.45351e-13
0.16 7.45417e-13
0.1602 7.45483e-13
0.1604 7.45549e-13
0.1606 7.45615e-13
0.1608 7.45681e-13
0.161 7.45748e-13
0.1612 7.45814e-13
0.1614 7.4588e-13
0.1616 7.45946e-13
0.1618 7.46012e-13
0.162 7.46078e-13
0.1622 7.46144e-13
0.1624 7.4621e-13
0.1626 7.46276e-13
0.1628 7.46342e-13
0.163 7.46406e-13
0.1632 7.4647e-13
0.1634 7.46534e-13
0.1636 7.46598e-13
0.1638 7.46662e-13
0.164 7.46725e-13
0.1642 7.46789e-13
0.1644 7.46853e-13
0.1646 7.46917e-13
0.1648 7.46981e-13
0.165 7.47044e-13
0.1652 7.47108e-13
0.1654 7.47172e-13
0.1656 7.47236e-13
0.1658 7.47299e-13
0.166 7.47369e-13
0.1662 7.47442e-13
0.1664 7.47515e-13
0.1666 7.47589e-13
0.1668 7.47662e-13
0.167 7.47736e-13
0.1672 7.47809e-13
0.1674 7.47883e-13
0.1676 7.47956e-13
0.1678 7.4803e-13
0.168 7.48103e-13
0.1682 7.48176e-13
0.1684 7.4825e-13
0.1686 7.48323e-13
0.1688 7.48397e-13
0.169 7.48414e-13
0.1692 7.48197e-13
0.1694 7.47981e-13
0.1696 7.47764e-13
0.1698 7.47548e-13
0.17 7.47331e-13
0.1702 7.47115e-13
0.1704 7.46899e-13
0.1706 7.46682e-13
0.1708 7.46466e-13
0.171 7.46249e-13
0.1712 7.46033e-13
0.1714 7.45816e-13
0.1716 7.456e-13
0.1718 7.45383e-13
0.172 7.45167e-13
0.1722 7.44891e-13
0.1724 7.44603e-13
0.1726 7.44315e-13
0.1728 7.44027e-13
0.173 7.4374e-13
0.1732 7.43452e-13
0.1734 7.43164e-13
0.1736 7.42876e-13
0.1738 7.42588e-13
0.174 7.42301e-13
0.1742 7.42013e-13
0.1744 7.41725e-13
0.1746 7.41437e-13
0.1748 7.41149e-13
0.175 7.40861e-13
0.1752 7.40461e-13
0.1754 7.39937e-13
0.1756 7.39412e-13
0.1758 7.38887e-13
0.176 7.38363e-13
0.1762 7.37838e-13
0.1764 7.37314e-13
0.1766 7.36789e-13
0.1768 7.36265e-13
0.177 7.3574e-13
0.1772 7.35216e-13
0.1774 7.34691e-13
0.1776 7.34167e-13
0.1778 7.33642e-13
0.178 7.33117e-13
0.1782 7.32554e-13
0.1784 7.31691e-13
0.1786 7.30828e-13
0.1788 7.29965e-13
0.179 7.29103e-13
0.1792 7.2824e-13
0.1794 7.27377e-13
0.1796 7.26514e-13
0.1798 7.25651e-13
0.18 7.24788e-13
0.1802 7.23926e-13
0.1804 7.23063e-13
0.1806 7.222e-13
0.1808 7.21337e-13
0.181 7.20474e-13
0.1812 7.19611e-13
0.1814 7.18498e-13
0.1816 7.17303e-13
0.1818 7.16108e-13
0.182 7.14914e-13
0.1822 7.13719e-13
0.1824 7.12524e-13
0.1826 7.11329e-13
0.1828 7.10135e-13
0.183 7.0894e-13
0.1832 7.07745e-13
0.1834 7.0655e-13
0.1836 7.05356e-13
0.1838 7.04161e-13
0.184 7.02966e-13
0.1842 7.01772e-13
0.1844 7.00059e-13
0.1846 6.97555e-13
0.1848 6.9505e-13
0.185 6.92545e-13
0.1852 6.9004e-13
0.1854 6.87536e-13
0.1856 6.85031e-13
0.1858 6.82526e-13
0.186 6.80021e-13
0.1862 6.77517e-13
0.1864 6.75012e-13
0.1866 6.72507e-13
0.1868 6.70002e-13
0.187 6.67498e-13
0.1872 6.64993e-13
0.1874 6.62504e-13
0.1876 6.6045e-13
0.1878 6.58396e-13
0.188 6.56342e-13
0.1882 6.54288e-13
0.1884 6.52234e-13
0.1886 6.5018e-13
0.1888 6.48126e-13
0.189 6.46072e-13
0.1892 6.44018e-13
0.1894 6.41964e-13
0.1896 6.3991e-13
0.1898 6.37856e-13
0.19 6.35801e-13
0.1902 6.33747e-13
0.1904 6.31693e-13
0.1906 6.299e-13
0.1908 6.28231e-13
0.191 6.26563e-13
0.1912 6.24894e-13
0.1914 6.23225e-13
0.1916 6.21557e-13
0.1918 6.19888e-13
0.192 6.1822e-13
0.1922 6.16551e-13
0.1924 6.14883e-13
0.1926 6.13214e-13
0.1928 6.11546e-13
0.193 6.09877e-13
0.1932 6.08209e-13
0.1934 6.0654e-13
0.1936 6.0471e-13
0.1938 6.02527e-13
0.194 6.00345e-13
0.1942 5.98162e-13
0.1944 5.95979e-13
0.1946 5.93797e-13
0.1948 5.91614e-13
0.195 5.89432e-13
0.1952 5.87249e-13
0.1954 5.85067e-13
0.1956 5.82884e-13
0.1958 5.80701e-13
0.196 5.78519e-13
0.1962 5.76336e-13
0.1964 5.74154e-13
0.1966 5.71971e-13
0.1968 5.69494e-13
0.197 5.67004e-13
0.1972 5.64513e-13
0.1974 5.62022e-13
0.1976 5.59532e-13
0.1978 5.57041e-13
0.198 5.5455e-13
0.1982 5.5206e-13
0.1984 5.49569e-13
0.1986 5.47078e-13
0.1988 5.44588e-13
0.199 5.42097e-13
0.1992 5.39606e-13
0.1994 5.37116e-13
0.1996 5.34625e-13
0.1998 5.32608e-13
0.2 5.30914e-13
0.2002 5.2922e-13
0.2004 5.27526e-13
0.2006 5.25832e-13
0.2008 5.24138e-13
0.201 5.22444e-13
0.2012 5.2075e-13
0.2014 5.19056e-13
0.2016 5.17362e-13
0.2018 5.15668e-13
0.202 5.13974e-13
0.2022 5.1228e-13
0.2024 5.10586e-13
0.2026 5.08892e-13
0.2028 5.07247e-13
0.203 5.05763e-13
0.2032 5.04278e-13
0.2034 5.02794e-13
0.2036 5.01309e-13
0.2038 4.99825e-13
0.204 4.9834e-13
0.2042 4.96855e-13
0.2044 4.95371e-13
0.2046 4.93886e-13
0.2048 4.92402e-13
0.205 4.90917e-13
0.2052 4.89433e-13
0.2054 4.87948e-13
0.2056 4.86464e-13
0.2058 4.84979e-13
0.206 4.83408e-13
0.2062 4.81824e-13
0.2064 4.8024e-13
0.2066 4.78657e-13
0.2068 4.77073e-13
0.207 4.75489e-13
0.2072 4.73906e-13
0.2074 4.72322e-13
0.2076 4.70739e-13
0.2078 4.69155e-13
0.208 4.67571e-13
0.2082 4.65988e-13
0.2084 4.64404e-13
0.2086 4.6282e-13
0.2088 4.61237e-13
0.209 4.59411e-13
0.2092 4.57358e-13
0.2094 4.55305e-13
0.2096 4.53251e-13
0.2098 4.51198e-13
0.21 4.49145e-13
0.2102 4.47092e-13
0.2104 4.45039e-13
0.2106 4.42985e-13
0.2108 4.40932e-13
0.211 4.38879e-13
0.2112 4.36826e-13
0.2114 4.34772e-13
0.2116 4.32719e-13
0.2118 4.30666e-13
0.212 4.28628e-13
0.2122 4.26676e-13
0.2124 4.24724e-13
0.2126 4.22772e-13
0.2128 4.2082e-13
0.213 4.18868e-13
0.2132 4.16916e-13
0.2134 4.14964e-13
0.2136 4.13012e-13
0.2138 4.1106e-13
0.214 4.09108e-13
0.2142 4.07156e-13
0.2144 4.05204e-13
0.2146 4.03252e-13
0.2148 4.013e-13
0.215 3.99348e-13
0.2152 3.97276e-13
0.2154 3.95173e-13
0.2156 3.93071e-13
0.2158 3.90968e-13
0.216 3.88865e-13
0.2162 3.86763e-13
0.2164 3.8466e-13
0.2166 3.82557e-13
0.2168 3.80454e-13
0.217 3.78352e-13
0.2172 3.76249e-13
0.2174 3.74146e-13
0.2176 3.72043e-13
0.2178 3.69941e-13
0.218 3.67838e-13
0.2182 3.6546e-13
0.2184 3.62725e-13
0.2186 3.5999e-13
0.2188 3.57255e-13
0.219 3.54519e-13
0.2192 3.51784e-13
0.2194 3.49049e-13
0.2196 3.46314e-13
0.2198 3.43578e-13
0.22 3.40843e-13
0.2202 3.38108e-13
0.2204 3.35373e-13
0.2206 3.32638e-13
0.2208 3.29902e-13
0.221 3.27167e-13
0.2212 3.24344e-13
0.2214 3.2044e-13
0.2216 3.16536e-13
0.2218 3.12631e-13
0.222 3.08727e-13
0.2222 3.04823e-13
0.2224 3.00919e-13
0.2226 2.97014e-13
0.2228 2.9311e-13
0.223 2.89206e-13
0.2232 2.85302e-13
0.2234 2.81397e-13
0.2236 2.77493e-13
0.2238 2.73589e-13
0.224 2.69685e-13
0.2242 2.6578e-13
0.2244 2.62568e-13
0.2246 2.59632e-13
0.2248 2.56696e-13
0.225 2.53761e-13
0.2252 2.50825e-13
0.2254 2.47889e-13
0.2256 2.44953e-13
0.2258 2.42017e-13
0.226 2.39081e-13
0.2262 2.36145e-13
0.2264 2.33209e-13
0.2266 2.30273e-13
0.2268 2.27337e-13
0.227 2.24401e-13
0.2272 2.21465e-13
0.2274 2.18621e-13
0.2276 2.15943e-13
0.2278 2.13265e-13
0.228 2.10587e-13
0.2282 2.07909e-13
0.2284 2.05231e-13
0.2286 2.02553e-13
0.2288 1.99875e-13
0.229 1.97197e-13
0.2292 1.94519e-13
0.2294 1.91841e-13
0.2296 1.89163e-13
0.2298 1.86484e-13
0.23 1.83806e-13
0.2302 1.81128e-13
0.2304 1.7845e-13
0.2306 1.74982e-13
0.2308 1.71509e-13
0.231 1.68036e-13
0.2312 1.64563e-13
0.2314 1.61091e-13
0.2316 1.57618e-13
0.2318 1.54145e-13
0.232 1.50673e-13
0.2322 1.472e-13
0.2324 1.43727e-13
0.2326 1.40254e-13
0.2328 1.36782e-13
0.233 1.33309e-13
0.2332 1.29836e-13
0.2334 1.26364e-13
0.2336 1.23013e-13
0.2338 1.19733e-13
0.234 1.16452e-13
0.2342 1.13172e-13
0.2344 1.09891e-13
0.2346 1.06611e-13
0.2348 1.0333e-13
0.235 1.0005e-13
0.2352 9.67696e-14
0.2354 9.34892e-14
0.2356 9.02087e-14
0.2358 8.69283e-14
0.236 8.36479e-14
0.2362 8.03675e-14
0.2364 7.70871e-14
0.2366 7.41911e-14
0.2368 7.23085e-14
0.237 7.0426e-14
0.2372 6.85434e-14
0.2374 6.66609e-14
0.2376 6.47784e-14
0.2378 6.28958e-14
0.238 6.10133e-14
0.2382 5.91308e-14
0.2384 5.72482e-14
0.2386 5.53657e-14
0.2388 5.34832e-14
0.239 5.16006e-14
0.2392 4.97181e-14
0.2394 4.78356e-14
0.2396 4.5953e-14
0.2398 4.48863e-14
0.24 4.38953e-14
0.2402 4.29043e-14
0.2404 4.19133e-14
0.2406 4.09223e-14
0.2408 3.99313e-14
0.241 3.89403e-14
0.2412 3.79493e-14
0.2414 3.69583e-14
0.2416 3.59673e-14
0.2418 3.49764e-14
0.242 3.39854e-14
0.2422 3.29944e-14
0.2424 3.20034e-14
0.2426 3.10124e-14
0.2428 3.01206e-14
0.243 2.93085e-14
0.2432 2.84963e-14
0.2434 2.76841e-14
0.2436 2.68719e-14
0.2438 2.60597e-14
0.244 2.52475e-14
0.2442 2.44354e-14
0.2444 2.36232e-14
0.2446 2.2811e-14
0.2448 2.19988e-14
0.245 2.11866e-14
0.2452 2.03745e-14
0.2454 1.95623e-14
0.2456 1.87501e-14
0.2458 1.79997e-14
0.246 1.75044e-14
0.2462 1.7009e-14
0.2464 1.65137e-14
0.2466 1.60184e-14
0.2468 1.5523e-14
0.247 1.50277e-14
0.2472 1.45324e-14
0.2474 1.4037e-14
0.2476 1.35417e-14
0.2478 1.30464e-14
0.248 1.2551e-14
0.2482 1.20557e-14
0.2484 1.15604e-14
0.2486 1.10651e-14
0.2488 1.05697e-14
0.249 1.03055e-14
0.2492 1.0087e-14
0.2494 9.86841e-15
0.2496 9.64986e-15
0.2498 9.43131e-15
0.25 9.21276e-15
0.2502 8.99421e-15
0.2504 8.77566e-15
0.2506 8.55711e-15
0.2508 8.33856e-15
0.251 8.12002e-15
0.2512 7.90147e-15
0.2514 7.68292e-15
0.2516 7.46437e-15
0.2518 7.24582e-15
0.252 7.11585e-15
0.2522 7.08379e-15
0.2524 7.05172e-15
0.2526 7.01966e-15
0.2528 6.98759e-15
0.253 6.95553e-15
0.2532 6.92346e-15
0.2534 6.8914e-15
0.2536 6.85934e-15
0.2538 6.82727e-15
0.254 6.79521e-15
0.2542 6.76314e-15
0.2544 6.73108e-15
0.2546 6.69901e-15
0.2548 6.66695e-15
0.255 6.74224e-15
0.2552 7.64366e-15
0.2554 8.54509e-15
0.2556 9.44652e-15
0.2558 1.03479e-14
0.256 1.12494e-14
0.2562 1.21508e-14
0.2564 1.30522e-14
0.2566 1.39537e-14
0.2568 1.48551e-14
0.257 1.57565e-14
0.2572 1.66579e-14
0.2574 1.75594e-14
0.2576 1.84608e-14
0.2578 1.93622e-14
0.258 2.02637e-14
0.2582 2.15257e-14
0.2584 2.29047e-14
0.2586 2.42837e-14
0.2588 2.56627e-14
0.259 2.70418e-14
0.2592 2.84208e-14
0.2594 2.97998e-14
0.2596 3.11788e-14
0.2598 3.25578e-14
0.26 3.39369e-14
0.2602 3.53159e-14
0.2604 3.66949e-14
0.2606 3.80739e-14
0.2608 3.9453e-14
0.261 4.0832e-14
0.2612 4.14202e-14
0.2614 4.07974e-14
0.2616 4.01745e-14
0.2618 3.95516e-14
0.262 3.89287e-14
0.2622 3.83058e-14
0.2624 3.7683e-14
0.2626 3.70601e-14
0.2628 3.64372e-14
0.263 3.58143e-14
0.2632 3.51914e-14
0.2634 3.45686e-14
0.2636 3.39457e-14
0.2638 3.33228e-14
0.264 3.26999e-14
0.2642 3.2078e-14
0.2644 3.14816e-14
0.2646 3.08851e-14
0.2648 3.02887e-14
0.265 2.96923e-14
0.2652 2.90959e-14
0.2654 2.84995e-14
0.2656 2.79031e-14
0.2658 2.73067e-14
0.266 2.67103e-14
0.2662 2.61139e-14
0.2664 2.55175e-14
0.2666 2.49211e-14
0.2668 2.43246e-14
0.267 2.37282e-14
0.2672 2.31318e-14
0.2674 0
0.2676 0
0.2678 0
0.268 0
0.2682 0
0.2684 0
0.2686 0
0.2688 0
0.269 0
0.2692 0
0.2694 0
0.2696 0
0.2698 0
0.27 0
0.2702 0
0.2704 0
0.2706 0
0.2708 0
0.271 0
0.2712 0
0.2714 0
0.2716 0
0.2718 0
0.272 0
0.2722 0
0.2724 0
0.2726 0
0.2728 0
0.273 0
0.2732 0
0.2734 0
0.2736 0
0.2738 0
0.274 0
0.2742 0
0.2744 0
0.2746 0
0.2748 0
0.275 0
0.2752 0
0.2754 0
0.2756 0
0.2758 0
0.276 0
0.2762 0
0.2764 0
0.2766 0
0.2768 0
0.277 0
0.2772 0
0.2774 0
0.2776 0
0.2778 0
0.278 0
0.2782 0
